03f3 0d0a 3c4f 685b 6300 0000 0000 0000
0003 0000 0040 0000 0073 2100 0000 6400
0064 0100 6c00 005a 0000 6500 006a 0100
6402 0083 0100 6401 0004 5564 0100 5328
0300 0000 69ff ffff ff4e 7414 3700 0063
0000 0000 0000 0000 1c0f 0000 4000 0000
73fe 3000 0064 0000 6401 006c 0000 5a00
0064 0200 6403 0064 0400 6405 0064 0600
6407 0064 0800 6409 0064 0a00 640b 0064
0c00 640d 0064 0e00 640f 0064 1000 6411
0064 1200 6413 0064 1400 6415 0064 1600
6417 0064 1800 6419 0064 1a00 641b 0064
1c00 641d 0064 1e00 641f 0064 2000 6421
0064 2200 6423 0064 2400 6425 0064 0400
6413 0064 2600 6411 0064 2700 6403 0064
2800 6429 0064 2a00 642b 0064 2c00 642d
0064 2e00 642f 0064 2600 6430 0064 3100
6432 0064 3300 6434 0064 3500 6436 0064
2400 6437 0064 2b00 6438 0064 3900 642f
0064 3a00 642e 0064 2500 641a 0064 3b00
6424 0064 3c00 6421 0064 3d00 643e 0064
3f00 6431 0064 4000 6441 0064 4200 641f
0064 4300 6444 0064 4500 6446 0064 3c00
6447 0064 0600 6448 0064 4900 644a 0064
4b00 644c 0064 4d00 644e 0064 4a00 644f
0064 5000 6451 0064 5200 6453 0064 5400
6455 0064 5600 6457 0064 3300 6458 0064
5900 645a 0064 4300 645b 0064 5c00 645d
0064 5c00 645e 0064 4800 6458 0064 5f00
6460 0064 0500 6437 0064 6100 6462 0064
6300 6462 0064 5600 6464 0064 6500 6466
0064 6700 6468 0064 6900 646a 0064 6b00
646c 0064 6d00 646e 0064 6f00 6407 0064
7000 645f 0064 7100 6472 0064 7300 6474
0064 1900 6450 0064 7500 644a 0064 1600
6476 0064 1700 6448 0064 7700 6445 0064
7800 6479 0064 6400 6403 0064 7a00 644a
0064 7b00 6431 0064 7c00 647d 0064 4300
647e 0064 7f00 6452 0064 8000 643d 0064
5400 6481 0064 5300 6482 0064 6e00 6426
0064 8300 6484 0064 8500 6457 0064 6900
6486 0064 8700 6488 0064 8900 648a 0064
3800 6404 0064 0700 648b 0064 4b00 648c
0064 8900 648d 0064 8100 648e 0064 8f00
6490 0064 9100 6481 0064 2100 6477 0064
2000 6412 0064 9200 6493 0064 9400 6495
0064 9600 6408 0064 6600 644c 0064 9700
647f 0064 5f00 640c 0064 2f00 6448 0064
8600 642c 0064 8000 641f 0064 9800 648a
0064 9900 649a 0064 9b00 649c 0064 9d00
6483 0064 9e00 649f 0064 0d00 64a0 0064
a100 64a2 0064 4200 64a3 0064 a400 6418
0064 a500 6462 0064 7b00 649e 0064 a600
6452 0064 a700 6432 0064 3600 64a8 0064
a000 640b 0064 3b00 6410 0064 a900 64aa
0064 8800 647e 0064 0500 646d 0064 ab00
6408 0064 ac00 649b 0064 6600 64ad 0064
ae00 640e 0064 8d00 64af 0064 1100 64b0
0064 3000 6402 0064 b100 647d 0064 1700
6418 0064 b200 641a 0064 1b00 6421 0064
1d00 640a 0064 9300 6420 0064 7800 64b3
0064 2300 6424 0064 6b00 6404 0064 1300
6487 0064 1100 6427 0064 8100 6428 0064
2900 64b4 0064 2b00 642c 0064 b500 642e
0064 2f00 64b6 0064 3000 6431 0064 a200
6433 0064 3400 64b7 0064 3600 6424 0064
b800 642b 0064 3800 64b9 0064 2f00 643a
0064 6100 6425 0064 1a00 6426 0064 2400
643c 0064 8400 643d 0064 3e00 649f 0064
3100 6440 0064 a300 6442 0064 1f00 64a0
0064 4400 6445 0064 9000 643c 0064 4700
64b5 0064 4800 6449 0064 6400 644b 0064
4c00 645e 0064 4e00 644a 0064 4000 6450
0064 5100 649b 0064 5300 6454 0064 7100
6456 0064 5700 64ba 0064 5800 6459 0064
3100 6443 0064 5b00 6481 0064 5d00 645c
0064 a900 6448 0064 5800 64bb 0064 6000
6405 0064 bc00 6461 0064 6200 645e 0064
6200 6456 0064 a400 6465 0064 6600 64bd
0064 6800 6469 0064 7c00 646b 0064 6c00
648f 0064 6e00 646f 0064 2c00 6470 0064
5f00 64be 0064 7200 6473 0064 2f00 6419
0064 5000 64bf 0064 4a00 6416 0064 c000
6417 0064 4800 64c1 0064 4500 6478 0064
5500 6464 0064 0300 643f 0064 4a00 647b
0064 a700 647c 0064 7d00 64bf 0064 7e00
647f 0064 1d00 6480 0064 3d00 64c2 0064
8100 6453 0064 0c00 646e 0064 2600 6441
0064 8400 6485 0064 4c00 6469 0064 8600
6426 0064 8800 6489 0064 0f00 6438 0064
0400 6408 0064 8b00 644b 0064 c300 6489
0064 8d00 645b 0064 8e00 648f 0064 9300
6491 0064 8100 640d 0064 7700 6420 0064
3e00 6492 0064 9300 647d 0064 9500 6496
0064 c400 6466 0064 4c00 6477 0064 7f00
645f 0064 1300 642f 0064 4800 6450 0064
2c00 6480 0064 1b00 6498 0064 8a00 6483
0064 9a00 649b 0064 c500 649d 0064 8300
6464 0064 9f00 640d 0064 1d00 64a1 0064
a200 6478 0064 a300 64a4 0064 3b00 64a5
0064 6200 6458 0064 9e00 64a6 0064 7300
64a7 0064 3200 64c6 0064 a800 64a0 0064
7800 643b 0064 1000 6458 0064 aa00 6488
0064 a400 6405 0064 6d00 64bf 0064 0800
64ac 0064 b800 6466 0064 ad00 6478 0064
0e00 648d 0064 5f00 6411 0064 b000 64c7
0064 0200 64b1 0064 a200 6417 0064 1800
6410 0064 1a00 641b 0064 c800 641d 0064
0a00 6484 0064 2000 6478 0064 a000 6423
0064 2400 6481 0064 0400 6413 0064 c900
6411 0064 2700 645d 0064 2800 6429 0064
6700 642b 0064 2c00 6434 0064 2e00 642f
0064 6500 6430 0064 3100 64bb 0064 3300
6434 0064 a900 6436 0064 2400 6461 0064
2b00 6438 0064 0b00 642f 0064 3a00 6463
0064 2500 641a 0064 5d00 6424 0064 3c00
64ca 0064 3d00 643e 0064 5f00 6431 0064
4000 64cb 0064 4200 641f 0064 cc00 6444
0064 4500 64cd 0064 3c00 6447 0064 9400
6448 0064 4900 645c 0064 4b00 644c 0064
ce00 644e 0064 4a00 644d 0064 5000 6451
0064 9100 6453 0064 5400 648e 0064 5600
6457 0064 cf00 6458 0064 5900 64d0 0064
4300 645b 0064 9e00 645d 0064 5c00 64c5
0064 4800 6458 0064 3100 6460 0064 0500
6424 0064 6100 6462 0064 7400 6462 0064
5600 64a9 0064 6500 6466 0064 2400 6468
0064 6900 648b 0064 6b00 646c 0064 5e00
646e 0064 6f00 64bc 0064 7000 645f 0064
d100 6472 0064 7300 64d2 0064 1900 6450
0064 7700 644a 0064 1600 64d3 0064 1700
6448 0064 d400 6445 0064 7800 64ba 0064
6400 6403 0064 4800 644a 0064 7b00 64d5
0064 7c00 647d 0064 3700 647e 0064 7f00
64d6 0064 8000 643d 0064 4c00 6481 0064
5300 64d7 0064 6e00 6426 0064 6100 6484
0064 8500 6466 0064 6900 6486 0064 3900
6488 0064 8900 6480 0064 3800 6404 0064
bb00 648b 0064 4b00 64ab 0064 8900 648d
0064 c600 648e 0064 8f00 6454 0064 9100
6481 0064 0300 6477 0064 2000 6457 0064
9200 6493 0064 0400 6495 0064 9600 64a0
0064 6600 644c 0064 2c00 647f 0064 5f00
6471 0064 2f00 6448 0064 3b00 642c 0064
8000 64cf 0064 9800 648a 0064 0700 649a
0064 9b00 6456 0064 9d00 6483 0064 3f00
649f 0064 0d00 64d8 0064 a100 64a2 0064
2100 64a3 0064 a400 64d9 0064 a500 6462
0064 3c00 649e 0064 a600 64d6 0064 a700
6432 0064 3600 64a8 0064 a000 6457 0064
3b00 6410 0064 c100 64aa 0064 8800 6475
0064 0500 646d 0064 4600 6408 0064 ac00
644a 0064 6600 64ad 0064 8200 640e 0064
8d00 64da 0064 1100 64b0 0064 a800 6402
0064 b100 6454 0064 1700 6418 0064 a300
641a 0064 1b00 6482 0064 1d00 640a 0064
8700 6420 0064 7800 6480 0064 2300 6424
0064 6b00 6404 0064 1300 6402 0064 1100
6427 0064 0900 6428 0064 2900 6491 0064
2b00 642c 0064 8e00 642e 0064 2f00 6436
0064 3000 6431 0064 2100 6433 0064 3400
6461 0064 3600 6424 0064 c500 642b 0064
3800 64a4 0064 2f00 643a 0064 db00 6425
0064 1a00 6469 0064 2400 643c 0064 2500
643d 0064 3e00 6475 0064 3100 6440 0064
6500 6442 0064 1f00 64a4 0064 4400 6445
0064 d300 643c 0064 4700 6479 0064 4800
6449 0064 dc00 644b 0064 4c00 6451 0064
4e00 644a 0064 2d00 6450 0064 5100 64b4
0064 5300 6454 0064 3900 6456 0064 5700
643c 0064 5800 6459 0064 c400 6443 0064
5b00 64bb 0064 5d00 645c 0064 5f00 6448
0064 5800 6481 0064 6000 6405 0064 0a00
6461 0064 6200 642d 0064 6200 6456 0064
1300 6465 0064 6600 6434 0064 6800 6469
0064 2e00 646b 0064 6c00 64c4 0064 6e00
646f 0064 8c00 6470 0064 5f00 646a 0064
7200 6473 0064 b800 6419 0064 5000 6444
0064 4a00 6416 0064 3200 6417 0064 4800
64cc 0064 4500 6478 0064 dd00 6464 0064
0300 640d 0064 4a00 647b 0064 0d00 647c
0064 7d00 64be 0064 7e00 647f 0064 de00
6480 0064 3d00 64b4 0064 8100 6453 0064
3500 646e 0064 2600 6422 0064 8400 6485
0064 b100 6469 0064 8600 6487 0064 8800
6489 0064 2500 6438 0064 0400 64df 0064
8b00 644b 0064 da00 6489 0064 8d00 647a
0064 8e00 648f 0064 e000 6491 0064 8100
6443 0064 7700 6420 0064 6100 6492 0064
9300 649b 0064 9500 6496 0064 a700 6466
0064 4c00 641f 0064 7f00 645f 0064 e100
642f 0064 4800 649e 0064 2c00 6480 0064
6c00 6498 0064 8a00 6464 0064 9a00 649b
0064 a000 649d 0064 8300 648a 0064 9f00
640d 0064 5300 64a1 0064 a200 649a 0064
a300 64a4 0064 6100 64a5 0064 6200 6457
0064 9e00 64a6 0064 b200 64a7 0064 3200
6419 0064 a800 64a0 0064 c200 643b 0064
1000 6450 0064 aa00 6488 0064 4900 6405
0064 6d00 64aa 0064 0800 64ac 0064 6100
6466 0064 ad00 641a 0064 0e00 648d 0064
6300 6411 0064 b000 64c7 0064 0200 64b1
0064 1000 6417 0064 1800 64e2 0064 1a00
641b 0064 5b00 641d 0064 0a00 6438 0064
2000 6478 0064 2300 6423 0064 2400 64aa
0064 0400 6413 0064 5800 6411 0064 2700
6481 0064 2800 6429 0064 da00 642b 0064
2c00 64b5 0064 2e00 642f 0064 0600 6430
0064 3100 64ae 0064 3300 6434 0064 2200
6436 0064 2400 6414 0064 2b00 6438 0064
e300 642f 0064 3a00 6407 0064 2500 641a
0064 2600 6424 0064 3c00 6424 0064 3d00
643e 0064 3800 6431 0064 4000 64a3 0064
4200 641f 0064 5d00 6444 0064 4500 64de
0064 3c00 6447 0064 7d00 6448 0064 4900
641b 0064 4b00 644c 0064 6800 644e 0064
4a00 6490 0064 5000 6451 0064 9b00 6453
0064 5400 64db 0064 5600 6457 0064 5a00
6458 0064 5900 643f 0064 4300 645b 0064
e400 645d 0064 5c00 641a 0064 4800 6458
0064 5900 6460 0064 0500 6451 0064 6100
6462 0064 6100 6462 0064 5600 6492 0064
6500 6466 0064 7600 6468 0064 6900 6422
0064 6b00 646c 0064 7700 646e 0064 6f00
642c 0064 7000 645f 0064 e500 6472 0064
7300 6406 0064 1900 6450 0064 a600 644a
0064 1600 64b3 0064 1700 6448 0064 7400
6445 0064 7800 6405 0064 6400 6403 0064
3f00 644a 0064 7b00 6453 0064 7c00 647d
0064 0700 647e 0064 7f00 641d 0064 8000
643d 0064 d100 6481 0064 5300 6433 0064
6e00 6426 0064 9c00 6484 0064 8500 644c
0064 6900 6486 0064 2600 6488 0064 8900
640f 0064 3800 6404 0064 a000 648b 0064
4b00 647c 0064 8900 648d 0064 8c00 648e
0064 8f00 6422 0064 9100 6481 0064 0600
6477 0064 2000 64e6 0064 9200 6493 0064
8b00 6495 0064 9600 64ce 0064 6600 644c
0064 7700 647f 0064 5f00 648a 0064 2f00
6448 0064 5600 642c 0064 8000 644d 0064
9800 648a 0064 7400 649a 0064 9b00 6411
0064 9d00 6483 0064 a000 649f 0064 0d00
64a1 0064 a100 64a2 0064 be00 64a3 0064
a400 646b 0064 a500 6462 0064 e700 649e
0064 a600 64bc 0064 a700 6432 0064 ae00
64a8 0064 a000 643e 0064 3b00 6410 0064
8800 64aa 0064 8800 64b2 0064 0500 646d
0064 b700 6408 0064 ac00 6477 0064 6600
64ad 0064 6700 640e 0064 8d00 64bc 0064
1100 64b0 0064 5900 6402 0064 b100 64a0
0064 1700 6418 0064 8500 641a 0064 1b00
647a 0064 1d00 640a 0064 0b00 6420 0064
7800 6476 0064 2300 6424 0064 5c00 6404
0064 1300 6474 0064 1100 6427 0064 e800
6428 0064 2900 649a 0064 2b00 642c 0064
a700 642e 0064 2f00 644a 0064 3000 6431
0064 cf00 6433 0064 3400 64d8 0064 3600
6424 0064 ac00 642b 0064 3800 6459 0064
2f00 643a 0064 9c00 6425 0064 1a00 64d4
0064 2400 643c 0064 9e00 643d 0064 3e00
6468 0064 3100 6440 0064 e200 6442 0064
1f00 64e1 0064 4400 6445 0064 0800 643c
0064 4700 648d 0064 4800 6449 0064 cd00
644b 0064 4c00 642a 0064 4e00 644a 0064
c300 6450 0064 5100 6491 0064 5300 6454
0064 b300 6456 0064 5700 64cf 0064 5800
6459 0064 d000 6443 0064 5b00 649e 0064
5d00 645c 0064 7f00 6448 0064 5800 64a7
0064 6000 6405 0064 cf00 6461 0064 6200
6415 0064 6200 6456 0064 bd00 6465 0064
6600 648c 0064 6800 6469 0064 1100 646b
0064 6c00 643b 0064 6e00 646f 0064 3d00
6470 0064 5f00 64e8 0064 7200 6473 0064
e600 6419 0064 5000 6443 0064 4a00 6416
0064 8900 6417 0064 4800 64e0 0064 4500
6478 0064 c500 6464 0064 0300 642b 0064
4a00 647b 0064 c700 647c 0064 7d00 64a5
0064 7e00 647f 0064 c900 6480 0064 3d00
64ca 0064 8100 6453 0064 0e00 646e 0064
2600 644e 0064 8400 6485 0064 5200 6469
0064 8600 646a 0064 8800 6489 0064 e900
6438 0064 0400 64d9 0064 8b00 644b 0064
ab00 6489 0064 8d00 648e 0064 8e00 648f
0064 5400 6491 0064 8100 64ea 0064 7700
6420 0064 4200 6492 0064 9300 64eb 0064
9500 6496 0064 ec00 6466 0064 4c00 6447
0064 7f00 645f 0064 9e00 642f 0064 4800
6463 0064 2c00 6480 0064 d700 6498 0064
8a00 64ae 0064 9a00 649b 0064 ea00 649d
0064 8300 643f 0064 9f00 640d 0064 4900
64a1 0064 a200 6488 0064 a300 64a4 0064
b000 64a5 0064 6200 64eb 0064 9e00 64a6
0064 ed00 64a7 0064 3200 64e4 0064 a800
64a0 0064 6800 643b 0064 1000 6457 0064
aa00 6488 0064 6300 6405 0064 6d00 64ee
0064 0800 64ac 0064 9800 6466 0064 ad00
64ca 0064 0e00 648d 0064 b700 6411 0064
b000 6474 0064 0200 64b1 0064 1000 6417
0064 1800 6436 0064 1a00 641b 0064 c500
641d 0064 0a00 64d8 0064 2000 6478 0064
3800 6423 0064 2400 6476 0064 0400 6413
0064 3b00 6411 0064 2700 64a7 0064 2800
6429 0064 ef00 642b 0064 2c00 646b 0064
2e00 642f 0064 7900 6430 0064 3100 648b
0064 3300 6434 0064 0a00 6436 0064 2400
6408 0064 2b00 6438 0064 ea00 642f 0064
f000 6469 0064 3600 64f1 0064 0300 6424
0064 3c00 6419 0064 3d00 648c 0064 4c00
6431 0064 4000 64a0 0064 4200 641f 0064
ad00 6444 0064 6300 64a1 0064 3c00 6442
0064 d200 6448 0064 dd00 64de 0064 4b00
648a 0064 1d00 644e 0064 4a00 64f2 0064
5000 6451 0064 4700 6453 0064 5400 64cd
0064 5600 6457 0064 d600 6458 0064 5900
64e2 0064 4300 645b 0064 b500 645d 0064
5c00 64de 0064 4800 6458 0064 8a00 6460
0064 0500 64b3 0064 6100 6462 0064 4a00
6462 0064 5600 640d 0064 6500 6466 0064
e800 6468 0064 6900 647e 0064 6b00 646c
0064 6500 646e 0064 6f00 64ba 0064 7000
645f 0064 d600 6472 0064 7300 6410 0064
1900 6450 0064 e700 644a 0064 1600 6478
0064 1700 6448 0064 e200 6445 0064 7800
644d 0064 6400 6403 0064 d200 644a 0064
7b00 6418 0064 7c00 647d 0064 0a00 647e
0064 7f00 64a1 0064 8000 643d 0064 f300
6481 0064 5300 6420 0064 6e00 6426 0064
2d00 6484 0064 8500 64eb 0064 6900 6486
0064 3c00 6488 0064 8900 643f 0064 3800
6404 0064 b600 648b 0064 4b00 6431 0064
8900 648d 0064 9800 648e 0064 8f00 64ef
0064 9100 6481 0064 7500 6477 0064 2000
6405 0064 9200 6493 0064 1d00 6495 0064
9600 64c4 0064 6600 644c 0064 ca00 647f
0064 5f00 641a 0064 2f00 6448 0064 6a00
642c 0064 8000 64c8 0064 9800 648a 0064
4500 649a 0064 9b00 647c 0064 9d00 6483
0064 3800 649f 0064 0d00 6473 0064 a100
64a2 0064 ef00 64a3 0064 a400 643e 0064
a500 6462 0064 f400 649e 0064 a600 64e0
0064 a700 6432 0064 2700 64a8 0064 a000
6407 0064 3b00 6410 0064 af00 64aa 0064
8800 6402 0064 0500 646d 0064 2500 6408
0064 ac00 6427 0064 6600 64ad 0064 ba00
640e 0064 8d00 6465 0064 1100 64b0 0064
af00 6402 0064 b100 6448 0064 1700 6418
0064 2300 641a 0064 1b00 642d 0064 1d00
640a 0064 5500 6420 0064 7800 64f4 0064
2300 6424 0064 0700 6404 0064 1300 64ad
0064 1100 6427 0064 0a00 6428 0064 2900
647f 0064 2b00 642c 0064 0f00 642e 0064
2f00 6439 0064 3000 6431 0064 4500 6433
0064 3400 6470 0064 3600 6424 0064 a600
642b 0064 3800 64b8 0064 2f00 643a 0064
e400 6425 0064 1a00 6476 0064 2400 643c
0064 1100 643d 0064 3e00 648a 0064 3100
6440 0064 4b00 6442 0064 1f00 6497 0064
4400 6445 0064 b900 643c 0064 4700 6436
0064 4800 6449 0064 cd00 644b 0064 4c00
64f5 0064 4e00 644a 0064 4a00 6450 0064
5100 64a2 0064 5300 6454 0064 6800 6456
0064 5700 640d 0064 5800 6459 0064 8300
6443 0064 5b00 642d 0064 5d00 645c 0064
9200 6448 0064 5800 646e 0064 6000 6405
0064 0700 6461 0064 6200 64d9 0064 6200
6456 0064 5100 6465 0064 6600 64da 0064
6800 6469 0064 dc00 646b 0064 6c00 6468
0064 6e00 646f 0064 4a00 6470 0064 5f00
64d0 0064 7200 6473 0064 ce00 6419 0064
5000 641e 0064 4a00 6416 0064 6c00 6417
0064 4800 6474 0064 4500 6478 0064 f600
6464 0064 0300 642f 0064 4a00 647b 0064
2200 647c 0064 7d00 64ce 0064 7e00 647f
0064 d900 6480 0064 3d00 64e1 0064 8100
6453 0064 5e00 646e 0064 2600 64a6 0064
8400 6485 0064 3900 6469 0064 8600 6448
0064 8800 6489 0064 4800 6438 0064 0400
64af 0064 8b00 644b 0064 8000 6489 0064
8d00 6485 0064 8e00 648f 0064 3900 6491
0064 8100 649c 0064 7700 6420 0064 9d00
6492 0064 9300 64d7 0064 9500 6496 0064
5000 6466 0064 4c00 64df 0064 7f00 645f
0064 d200 642f 0064 4800 6414 0064 2c00
6480 0064 0e00 6498 0064 8a00 64ad 0064
9a00 649b 0064 d400 649d 0064 8300 64ea
0064 9f00 640d 0064 8100 64a1 0064 a200
64c1 0064 a300 64a4 0064 9f00 64a5 0064
6200 64ea 0064 9e00 64a6 0064 1700 64a7
0064 3200 6487 0064 a800 64a0 0064 5700
643b 0064 1000 64f7 0064 aa00 6488 0064
2d00 6405 0064 6d00 6477 0064 0800 64ac
0064 4c00 6466 0064 ad00 649d 0064 0e00
648d 0064 2c00 6411 0064 b000 644c 0064
0200 64b1 0064 f700 6417 0064 1800 6444
0064 1a00 641b 0064 2c00 641d 0064 0a00
64b9 0064 2000 6478 0064 9b00 6423 0064
2400 6434 0064 0400 6413 0064 b900 6411
0064 2700 6424 0064 2800 6429 0064 8500
642b 0064 2c00 64cc 0064 2e00 642f 0064
9100 6430 0064 3100 6438 0064 3300 6434
0064 2700 6436 0064 2400 6489 0064 2b00
6438 0064 b900 642f 0064 3a00 6470 0064
2500 641a 0064 3c00 6424 0064 3c00 64f8
0064 3d00 643e 0064 e800 6431 0064 4000
643a 0064 4200 641f 0064 9700 6444 0064
4500 6440 0064 3c00 6447 0064 3a00 6448
0064 4900 640c 0064 4b00 644c 0064 7000
644e 0064 4a00 64ca 0064 5000 6451 0064
c600 6453 0064 5400 645f 0064 5600 6457
0064 3b00 6458 0064 5900 6494 0064 4300
645b 0064 6500 645d 0064 5c00 647f 0064
4800 6458 0064 4200 6460 0064 0500 64c9
0064 6100 6462 0064 7c00 6462 0064 5600
6491 0064 6500 6466 0064 7500 6468 0064
6900 6484 0064 6b00 646c 0064 4000 646e
0064 6f00 644d 0064 7000 645f 0064 ba00
6472 0064 7300 64c7 0064 1900 6450 0064
3200 644a 0064 1600 6407 0064 1700 6448
0064 6800 6445 0064 7800 64d0 0064 6400
6403 0064 7800 644a 0064 7b00 64e1 0064
7c00 647d 0064 c000 647e 0064 7f00 6466
0064 8000 643d 0064 6a00 6481 0064 5300
641d 0064 6e00 6426 0064 af00 6484 0064
8500 641a 0064 6900 6486 0064 cd00 6488
0064 8900 64d8 0064 3800 6404 0064 b100
648b 0064 4b00 64c7 0064 8900 648d 0064
4900 648e 0064 8f00 6457 0064 9100 6481
0064 b300 6477 0064 2000 6464 0064 9200
6493 0064 2f00 6495 0064 9600 64b7 0064
6600 644c 0064 1000 647f 0064 5f00 64c7
0064 2f00 6448 0064 3500 642c 0064 8000
6446 0064 9800 648a 0064 1200 649a 0064
9b00 646b 0064 9d00 6483 0064 6300 649f
0064 0d00 64d6 0064 a100 64a2 0064 3000
64a3 0064 a400 64f1 0064 a500 6462 0064
8200 649e 0064 a600 6461 0064 a700 6432
0064 e100 64a8 0064 a000 6405 0064 3b00
6410 0064 b100 64aa 0064 8800 649f 0064
0500 646d 0064 2d00 6408 0064 ac00 643c
0064 6600 64ad 0064 7b00 640e 0064 8d00
64b0 0064 1100 64b0 0064 3900 6402 0064
b100 645a 0064 1700 6418 0064 0b00 641a
0064 1b00 64a3 0064 1d00 640a 0064 9400
6420 0064 7800 64e4 0064 2300 6424 0064
f100 6404 0064 1300 6488 0064 1100 6427
0064 6600 6428 0064 2900 64e7 0064 2b00
642c 0064 3a00 642e 0064 2f00 64b4 0064
3000 6431 0064 1800 6433 0064 3400 64b8
0064 3600 6424 0064 1800 642b 0064 3800
64c5 0064 2f00 643a 0064 c500 6425 0064
1a00 64e8 0064 2400 643c 0064 db00 643d
0064 3e00 6458 0064 3100 6440 0064 e700
6442 0064 1f00 64e5 0064 4400 6445 0064
f900 643c 0064 4700 649e 0064 4800 6449
0064 2200 644b 0064 4c00 6491 0064 4e00
645e 0064 c200 6450 0064 d400 64a0 0064
5300 64dd 0064 a900 6456 0064 7200 6420
0064 5800 64a8 0064 e200 6443 0064 5400
6430 0064 5d00 641e 0064 fa00 6448 0064
0a00 6497 0064 6000 649f 0064 8400 641b
0064 fb00 64a4 0064 6200 644f 0064 fb00
64d0 0064 b400 641d 0064 be00 6468 0064
4200 6482 0064 2100 6447 0064 4e00 641e
0064 5500 6473 0064 f600 6490 0064 c600
6462 0064 2f00 64ee 0064 e200 64ec 0064
7c00 64d8 0064 be00 6417 0064 b500 64c1
0064 6300 6435 0064 4600 6417 0064 8800
6432 0064 c800 64f9 0064 6d00 6433 0064
c600 640a 0064 8900 6466 0064 e800 6484
0064 3100 649f 0064 1300 6427 0064 ba00
644e 0064 2500 64f6 0064 6200 64d0 0064
ca00 64e5 0064 9f00 645a 0064 0300 649c
0064 4e00 64b7 0064 7e00 64ba 0064 8b00
64d1 0064 df00 6489 0064 8d00 6492 0064
8e00 644e 0064 2a00 644e 0064 dc00 6445
0064 8300 644f 0064 ca00 6465 0064 4200
64ad 0064 8e00 6467 0064 5200 64c0 0064
dd00 6427 0064 5400 646b 0064 3c00 645d
0064 9100 64a7 0064 b300 64b3 0064 f100
6423 0064 e000 64d0 0064 d000 6406 0064
ee00 649d 0064 0c00 6473 0064 2e00 64e0
0064 1300 6494 0064 b100 6440 0064 9b00
64be 0064 3100 64a5 0064 4200 64d1 0064
9e00 6419 0064 3700 6416 0064 4300 6414
0064 a800 64da 0064 0400 640c 0064 8600
64ea 0064 aa00 64ad 0064 f100 6405 0064
0600 6407 0064 9600 6440 0064 0a00 6466
0064 9700 64fb 0064 c300 64b2 0064 1000
6411 0064 f200 6491 0064 0200 6427 0064
1600 6476 0064 5200 6419 0064 1a00 6489
0064 2a00 6453 0064 fa00 641f 0064 2000
6447 0064 4a00 6423 0064 ce00 6436 0064
ef00 6408 0064 0600 6411 0064 b100 6410
0064 7000 64f5 0064 5600 642b 0064 c500
6416 0064 2e00 645d 0064 c100 6405 0064
c900 64fc 0064 3300 6454 0064 c800 647c
0064 ce00 64e3 0064 2b00 64f5 0064 2a00
642f 0064 c900 645e 0064 2300 6466 0064
8a00 6424 0064 d500 64c0 0064 1b00 6432
0064 9d00 6431 0064 4300 64c6 0064 4200
646a 0064 7e00 6449 0064 6600 6471 0064
3c00 64b9 0064 f700 6496 0064 db00 6456
0064 4b00 643f 0064 7f00 644e 0064 0e00
64bc 0064 6500 6429 0064 6900 6453 0064
3400 64ee 0064 b600 64e7 0064 fa00 6458
0064 7400 644a 0064 4300 64f2 0064 d300
6491 0064 d900 64f5 0064 4800 642a 0064
e700 645e 0064 b600 6466 0064 6100 6442
0064 8c00 6462 0064 4f00 64b9 0064 5000
6436 0064 2100 6468 0064 6800 6446 0064
6f00 6421 0064 5f00 646e 0064 d600 64dd
0064 7000 64f6 0064 9e00 6410 0064 3800
645d 0064 1900 64e2 0064 ea00 64bd 0064
d800 6433 0064 1700 640f 0064 5d00 6445
0064 3500 64bd 0064 b700 6494 0064 1300
644a 0064 f900 645a 0064 f100 64c6 0064
b800 647e 0064 7000 64fd 0064 8000 640f
0064 9f00 64f8 0064 2800 64dd 0064 6e00
6425 0064 ac00 64dd 0064 4100 64ca 0064
6900 6472 0064 7000 6488 0064 1b00 644e
0064 2900 6484 0064 4000 648b 0064 fe00
643f 0064 4800 64b2 0064 0f00 648e 0064
8100 6468 0064 9100 64dc 0064 2e00 6428
0064 9700 6419 0064 9200 6442 0064 0300
647f 0064 3700 6452 0064 6600 643f 0064
2600 647f 0064 f600 643c 0064 7a00 6491
0064 a700 642c 0064 bc00 644b 0064 b600
64e0 0064 c600 649a 0064 fd00 643f 0064
9d00 640c 0064 6600 64c2 0064 e200 648b
0064 a100 64d3 0064 4000 641c 0064 be00
6431 0064 a500 6442 0064 b400 649e 0064
1900 6437 0064 1600 64c8 0064 1400 64a8
0064 da00 6404 0064 0400 6486 0064 ea00
64aa 0064 ad00 64d7 0064 0500 6406 0064
0700 6496 0064 7200 640a 0064 6600 6497
0064 fb00 64aa 0064 b200 6410 0064 1100
64f2 0064 d900 6402 0064 2700 6416 0064
7600 6419 0064 1900 641a 0064 8900 642a
0064 5200 64fa 0064 1f00 6420 0064 4700
64b3 0064 2300 64ce 0064 3600 64ef 0064
a800 6406 0064 1100 64b1 0064 1000 64bf
0064 f500 6456 0064 2b00 64c5 0064 dc00
642e 0064 5d00 64c1 0064 0500 64c4 0064
fc00 6433 0064 5400 64c8 0064 3500 64ce
0064 e300 642b 0064 f500 6463 0064 2f00
64c9 0064 5e00 6423 0064 8c00 648a 0064
2400 64d5 0064 c000 64e2 0064 3200 649d
0064 3100 6443 0064 2500 6442 0064 6a00
647e 0064 4900 645d 0064 7100 643c 0064
b900 64f7 0064 5200 64db 0064 5600 644b
0064 3f00 64e7 0064 4e00 640e 0064 bc00
6465 0064 cc00 6469 0064 5300 6434 0064
ee00 643f 0064 e700 64fa 0064 5800 6474
0064 8500 6443 0064 f200 64d3 0064 9100
6456 0064 f500 6448 0064 2a00 64e7 0064
8900 64b6 0064 6600 6461 0064 4200 647e
0064 6200 644f 0064 b900 6450 0064 4c00
6421 0064 6800 6468 0064 4600 6433 0064
2100 645f 0064 6e00 64d6 0064 4200 6470
0064 f600 649e 0064 1000 6490 0064 5d00
6419 0064 e200 64ea 0064 9a00 64d8 0064
3300 6417 0064 0f00 6470 0064 4500 6435
0064 bd00 64b7 0064 0f00 6413 0064 4a00
64f9 0064 5a00 6472 0064 c600 64b8 0064
7e00 6470 0064 4400 6480 0064 0f00 649f
0064 f800 64f2 0064 dd00 646e 0064 2500
64ac 0064 be00 6441 0064 ca00 6469 0064
7200 646d 0064 8800 641b 0064 4e00 6429
0064 e100 6440 0064 8b00 64fe 0064 3f00
6440 0064 b200 640f 0064 8e00 6481 0064
a900 6491 0064 dc00 642e 0064 2800 646e
0064 1900 6492 0064 4200 6403 0064 4300
6437 0064 5200 6466 0064 3f00 6490 0064
7f00 64f6 0064 3c00 647a 0064 5500 64a7
0064 2c00 64bc 0064 4b00 64a5 0064 e000
64c6 0064 9a00 64fd 0064 dd00 649d 0064
0c00 6466 0064 c200 6493 0064 8b00 64a1
0064 d300 6440 0064 6300 64be 0064 3100
64a5 0064 4200 64c6 0064 9e00 6419 0064
3700 6416 0064 dd00 6414 0064 a800 64da
0064 0400 64eb 0064 8600 64ea 0064 aa00
64ad 0064 a400 6405 0064 0600 6407 0064
9600 6475 0064 0a00 6466 0064 9700 64fb
0064 0800 64b2 0064 1000 6411 0064 f200
6436 0064 0200 6427 0064 1600 6476 0064
cf00 6419 0064 1a00 6489 0064 2a00 6480
0064 fa00 641f 0064 2000 6447 0064 c300
6423 0064 ce00 6436 0064 ef00 6404 0064
0600 6411 0064 b100 6410 0064 a500 64f5
0064 5600 642b 0064 c500 647b 0064 2e00
645d 0064 c100 6405 0064 7900 64fc 0064
3300 6454 0064 c800 640d 0064 ce00 64e3
0064 2b00 64f5 0064 4b00 642f 0064 c900
645e 0064 2300 6424 0064 8a00 6424 0064
d500 64c0 0064 e900 6432 0064 9d00 6431
0064 4300 64dd 0064 4200 646a 0064 7e00
6449 0064 b400 6471 0064 3c00 64b9 0064
f700 6412 0064 db00 6456 0064 4b00 643f
0064 7600 644e 0064 0e00 64bc 0064 6500
64e0 0064 6900 6453 0064 3400 64ee 0064
2900 64e7 0064 fa00 6458 0064 7400 641a
0064 4300 64f2 0064 d300 6491 0064 ba00
64f5 0064 4800 642a 0064 e700 647a 0064
b600 6466 0064 6100 6442 0064 2800 6462
0064 4f00 64b9 0064 5000 643c 0064 2100
6468 0064 6800 6446 0064 7700 6421 0064
5f00 646e 0064 d600 64ef 0064 7000 64f6
0064 9e00 6410 0064 4000 645d 0064 1900
64e2 0064 ea00 6448 0064 d800 6433 0064
1700 640f 0064 0a00 6445 0064 3500 64bd
0064 b700 6419 0064 1300 644a 0064 f900
645a 0064 d400 64c6 0064 b800 647e 0064
7000 640c 0064 8000 640f 0064 9f00 64f8
0064 7c00 64dd 0064 6e00 6425 0064 ac00
64d5 0064 4100 64ca 0064 6900 6472 0064
9200 6488 0064 1b00 644e 0064 2900 64f5
0064 4000 648b 0064 fe00 643f 0064 e000
64b2 0064 0f00 648e 0064 8100 641b 0064
9100 64dc 0064 2e00 6428 0064 1300 6419
0064 9200 6442 0064 0300 6489 0064 3700
6452 0064 6600 643f 0064 4b00 647f 0064
f600 643c 0064 7a00 6495 0064 a700 642c
0064 bc00 644b 0064 6400 64e0 0064 c600
649a 0064 fd00 641f 0064 9d00 640c 0064
6600 64c2 0064 4b00 648b 0064 a100 64d3
0064 4000 6482 0064 be00 6431 0064 a500
6442 0064 2e00 649e 0064 1900 6437 0064
1600 6442 0064 1400 64a8 0064 da00 6404
0064 9200 6486 0064 ea00 64aa 0064 ad00
642f 0064 0500 6406 0064 0700 6496 0064
8f00 640a 0064 6600 6497 0064 fb00 6447
0064 b200 6410 0064 1100 64f2 0064 b300
6402 0064 2700 6416 0064 7600 6444 0064
1900 641a 0064 8900 642a 0064 d900 64fa
0064 1f00 6420 0064 4700 6412 0064 2300
64ce 0064 3600 64ef 0064 e300 6406 0064
1100 64b1 0064 1000 645e 0064 f500 6456
0064 2b00 64c5 0064 7a00 642e 0064 5d00
64c1 0064 0500 643e 0064 fc00 6433 0064
5400 64c8 0064 0400 64ce 0064 e300 642b
0064 f500 64bf 0064 2f00 64c9 0064 5e00
6423 0064 de00 648a 0064 2400 64d5 0064
c000 6481 0064 3200 649d 0064 3100 6443
0064 d000 6442 0064 6a00 647e 0064 4900
64f1 0064 7100 643c 0064 b900 64f7 0064
6600 64db 0064 5600 644b 0064 3f00 64dc
0064 4e00 640e 0064 bc00 6465 0064 c800
6469 0064 5300 6434 0064 ee00 64d6 0064
e700 64fa 0064 5800 6474 0064 6f00 6443
0064 f200 64d3 0064 9100 645b 0064 f500
6448 0064 2a00 64e7 0064 3900 64b6 0064
6600 6461 0064 4200 6479 0064 6200 644f
0064 b900 6450 0064 0e00 6421 0064 6800
6468 0064 4600 644e 0064 2100 645f 0064
6e00 64d6 0064 a000 6470 0064 f600 649e
0064 1000 6457 0064 5d00 6419 0064 e200
64ea 0064 7b00 64d8 0064 3300 6417 0064
0f00 64da 0064 4500 6435 0064 bd00 64b7
0064 ef00 6413 0064 4a00 64f9 0064 5a00
6449 0064 c600 64b8 0064 7e00 6470 0064
3a00 6480 0064 0f00 649f 0064 f800 6462
0064 dd00 646e 0064 2500 64ac 0064 eb00
6441 0064 ca00 6469 0064 7200 646a 0064
8800 641b 0064 4e00 6429 0064 7800 6440
0064 8b00 64fe 0064 3f00 643c 0064 b200
640f 0064 8e00 6481 0064 d400 6491 0064
dc00 642e 0064 2800 64fe 0064 1900 6492
0064 4200 6403 0064 a600 6437 0064 5200
6466 0064 3f00 6453 0064 7f00 64f6 0064
3c00 647a 0064 bc00 64a7 0064 2c00 64bc
0064 4b00 64ff 0064 e000 64c6 0064 9a00
64fd 0064 ea00 649d 0064 0c00 6466 0064
c200 64b2 0064 8b00 64a1 0064 d300 6440
0064 8500 64be 0064 3100 64a5 0064 4200
6443 0064 9e00 6419 0064 3700 6416 0064
f400 6414 0064 a800 64da 0064 0400 644b
0064 8600 64ea 0064 aa00 64ad 0064 9200
6405 0064 0600 6407 0064 9600 64b1 0064
0a00 6466 0064 9700 64fb 0064 0001 64b2
0064 1000 6411 0064 f200 64c2 0064 0200
6427 0064 1600 6476 0064 3a00 6419 0064
1a00 6489 0064 ef00 641d 0064 fa00 641f
0064 2000 6447 0064 fc00 6423 0064 ce00
6436 0064 ef00 646a 0064 0600 6411 0064
b100 6410 0064 1100 64f5 0064 5600 642b
0064 c500 6424 0064 2e00 645d 0064 c100
6405 0064 3f00 64fc 0064 3300 6454 0064
c800 64c9 0064 ce00 64e3 0064 2b00 64f5
0064 3200 642f 0064 c900 645e 0064 2300
64f0 0064 8a00 6424 0064 d500 64c0 0064
2200 6432 0064 9d00 6431 0064 4300 64c2
0064 4200 646a 0064 7e00 6449 0064 5f00
6471 0064 3c00 64b9 0064 f700 646a 0064
db00 6456 0064 4b00 643f 0064 6500 644e
0064 0e00 64bc 0064 6500 64de 0064 6900
6453 0064 3400 64ee 0064 2700 64e7 0064
fa00 6458 0064 7400 6465 0064 4300 64f2
0064 d300 6491 0064 1600 64f5 0064 4800
642a 0064 e700 641c 0064 b600 6466 0064
6100 6442 0064 ba00 6462 0064 4f00 64b9
0064 5000 6492 0064 2100 6468 0064 6800
64f9 0064 1800 6421 0064 5f00 646e 0064
cc00 6461 0064 7000 64f6 0064 9e00 64ad
0064 7000 6497 0064 0c00 6492 0064 bd00
64b9 0064 8500 64cc 0064 1700 64b5 0064
3f00 64c4 0064 e100 647f 0064 6400 6488
0064 1300 6404 0064 fb00 6406 0064 7c00
64c6 0064 b800 64e4 0064 fd00 642c 0064
8000 640f 0064 9f00 6460 0064 0c00 6416
0064 6e00 6425 0064 ce00 64ef 0064 1600
64dc 0064 6900 6410 0064 5a00 64c9 0064
5500 6419 0064 bc00 6480 0064 4000 648b
0064 fe00 64fc 0064 0200 6481 0064 1400
64a5 0064 f800 6417 0064 9100 645b 0064
0d00 64d2 0064 2000 640c 0064 4900 6442
0064 ad00 6495 0064 3700 648b 0064 6600
642d 0064 2700 647f 0064 dd00 643c 0064
2f00 64b5 0064 a700 64ba 0064 e500 64f3
0064 9800 64e0 0064 8f00 6482 0064 a900
6446 0064 3e00 645d 0064 f100 6426 0064
4f00 6446 0064 a100 64d3 0064 7100 643e
0064 7c00 645f 0064 b300 64a1 0064 0200
6468 0064 d200 64d4 0064 a700 643e 0064
1400 6472 0064 ab00 64ef 0064 3b00 6486
0064 b400 648b 0064 3500 6404 0064 7b00
6406 0064 9100 6408 0064 0800 640a 0064
1600 6497 0064 8a00 640e 0064 3d00 643a
0064 4d00 6485 0064 2500 64a5 0064 7e00
6416 0064 6500 642b 0064 2000 641a 0064
9500 641c 0064 b400 64f5 0064 8000 6420
0064 0400 6407 0064 9200 64ce 0064 4c00
640e 0064 b000 6499 0064 9600 64df 0064
1400 6409 0067 1c0f 5a01 0064 0101 5a02
0064 7400 6474 0066 0200 5c02 005a 0300
5a04 0064 aa00 6403 0064 0400 6405 0064
0600 6407 0064 0800 6409 0064 0a00 6466
0064 9700 640d 0064 0e00 64b2 0064 1000
6411 0064 1200 6460 0064 0200 6427 0064
1600 6417 0064 2b00 6419 0064 1a00 6489
0064 9000 641d 0064 fa00 641f 0064 2000
6435 0064 2200 6423 0064 ce00 6436 0064
0400 64a7 0064 0600 6411 0064 b100 6472
0064 2800 64f5 0064 5600 642b 0064 6100
6423 0064 2e00 645d 0064 c100 6430 0064
ed00 64fc 0064 3300 6454 0064 bf00 6436
0064 ce00 64e3 0064 2b00 6422 0064 cd00
642f 0064 c900 645e 0064 2500 64de 0064
8a00 6424 0064 d500 64aa 0064 3d00 6432
0064 9d00 6431 0064 cd00 64d8 0064 4200
646a 0064 7e00 6444 0064 c400 6471 0064
3c00 64b9 0064 d500 6448 0064 db00 6456
0064 4b00 642d 0064 1b00 644e 0064 0e00
64bc 0064 5000 6463 0064 6900 6453 0064
3400 6437 0064 5600 64e7 0064 fa00 6458
0064 4e00 6434 0064 4300 64f2 0064 d300
645d 0064 f000 64f5 0064 4800 642a 0064
c900 6460 0064 b600 6466 0064 6100 64bd
0064 b800 6462 0064 4f00 64b9 0064 6500
64b4 0064 2100 6468 0064 6800 6470 0064
6b00 6421 0064 5f00 646e 0064 1e00 6493
0064 7000 64f6 0064 9e00 6472 0064 8b00
645d 0064 1900 64e2 0064 9500 644a 0064
d800 6433 0064 1700 64b5 0064 3f00 6445
0064 3500 64bd 0064 6400 6488 0064 1300
644a 0064 f900 6499 0064 7c00 64c6 0064
b800 647e 0064 4600 64e8 0064 8000 640f
0064 9f00 6481 0064 7400 64dd 0064 6e00
6425 0064 ce00 6484 0064 4100 64ca 0064
6900 6410 0064 5a00 6488 0064 1b00 644e
0064 3800 64c8 0064 4000 648b 0064 fe00
642d 0064 8900 64b2 0064 0f00 648e 0064
f800 6417 0064 9100 64dc 0064 2e00 6477
0064 1c00 6419 0064 9200 6442 0064 ad00
6495 0064 3700 6452 0064 6600 642d 0064
2700 647f 0064 f600 643c 0064 2f00 64b5
0064 a700 642c 0064 bc00 64f3 0064 9800
64e0 0064 c600 649a 0064 cf00 64ee 0064
9d00 640c 0064 6600 649f 0064 7c00 648b
0064 a100 64d3 0064 7100 64a3 0064 be00
6431 0064 a500 64bd 0064 c500 649e 0064
1900 6437 0064 a700 643e 0064 1400 64a8
0064 da00 64ef 0064 3b00 6486 0064 ea00
67ff 005a 0500 7865 0065 0300 6506 0065
0100 8301 006b 0500 729a 3050 6e00 0065
0400 6506 0065 0500 8301 006b 0500 72b5
3064 7400 5a04 006e 0000 6502 0065 0700
6501 0065 0300 1965 0500 6504 0019 4183
0100 375a 0200 6503 0064 3100 375a 0300
6504 0064 3100 375a 0400 7184 3057 6500
006a 0800 6502 0083 0100 6401 0004 5564
0100 5328 0201 0000 69ff ffff ff4e 69b3
0000 0069 7b00 0000 6980 0000 0069 0300
0000 6928 0000 0069 9200 0000 69cf 0000
0069 3000 0000 699f 0000 0069 d400 0000
6974 0000 0069 8500 0000 6981 0000 0069
0500 0000 6916 0000 0069 ac00 0000 6932
0000 0069 2e00 0000 6971 0000 0069 4800
0000 6923 0000 0069 ae00 0000 6902 0000
0069 0700 0000 6996 0000 0069 bf00 0000
699c 0000 0069 bb00 0000 6997 0000 0069
f500 0000 69f8 0000 0069 de00 0000 6993
0000 0069 2600 0000 6959 0000 0069 4f00
0000 692b 0000 0069 4100 0000 6931 0000
0069 9e00 0000 69f4 0000 0069 6600 0000
69d2 0000 0069 2000 0000 69ea 0000 0069
6000 0000 696a 0000 0069 0100 0000 694b
0000 0069 e200 0000 695a 0000 0069 8400
0000 694d 0000 0069 c200 0000 69f7 0000
0069 cd00 0000 6917 0000 0069 7700 0000
695f 0000 0069 6100 0000 692f 0000 0069
4900 0000 69a2 0000 0069 5700 0000 69d5
0000 0069 af00 0000 6975 0000 0069 9b00
0000 69d9 0000 0069 ed00 0000 6908 0000
0069 1c00 0000 69e5 0000 0069 a500 0000
6944 0000 0069 aa00 0000 6969 0000 0069
9500 0000 6938 0000 0069 fd00 0000 69f9
0000 0069 6400 0000 693e 0000 0069 da00
0000 69f1 0000 0069 7e00 0000 6990 0000
0069 0d00 0000 6940 0000 0069 3f00 0000
6970 0000 0069 0400 0000 69e6 0000 0069
6e00 0000 695d 0000 0069 b600 0000 69d8
0000 0069 9900 0000 69a9 0000 0069 5100
0000 69dc 0000 0069 ca00 0000 698a 0000
0069 ee00 0000 6991 0000 0069 0b00 0000
69ba 0000 0069 4c00 0000 6968 0000 0069
f300 0000 69b0 0000 0069 cb00 0000 697f
0000 0069 b500 0000 6900 0000 0069 ce00
0000 69c7 0000 0069 5800 0000 69e0 0000
0069 9a00 0000 6909 0000 0069 fc00 0000
69e1 0000 0069 6200 0000 69be 0000 0069
bd00 0000 69e7 0000 0069 3700 0000 690e
0000 0069 1000 0000 6982 0000 0069 3300
0000 6972 0000 0069 6f00 0000 691f 0000
0069 db00 0000 697a 0000 0069 d100 0000
6911 0000 0069 2100 0000 69b7 0000 0069
3a00 0000 699d 0000 0069 6d00 0000 6934
0000 0069 b100 0000 6936 0000 0069 dd00
0000 69a6 0000 0069 7600 0000 6927 0000
0069 2900 0000 697d 0000 0069 a000 0000
698e 0000 0069 4600 0000 69ef 0000 0069
1500 0000 69eb 0000 0069 c900 0000 690f
0000 0069 1300 0000 69e8 0000 0069 b200
0000 6963 0000 0069 4a00 0000 690c 0000
0069 a700 0000 69d0 0000 0069 a300 0000
6954 0000 0069 1200 0000 69c5 0000 0069
2a00 0000 6956 0000 0069 2500 0000 6945
0000 0069 d600 0000 69b8 0000 0069 6c00
0000 6967 0000 0069 c000 0000 6986 0000
0069 8900 0000 69a1 0000 0069 2d00 0000
6983 0000 0069 bc00 0000 698c 0000 0069
8d00 0000 69b9 0000 0069 2c00 0000 697c
0000 0069 4e00 0000 69ff 0000 0069 df00
0000 6906 0000 0069 3c00 0000 69e4 0000
0069 7300 0000 6950 0000 0069 3500 0000
69e3 0000 0069 c600 0000 693d 0000 0069
c400 0000 6955 0000 0069 a400 0000 6939
0000 0069 6b00 0000 69c3 0000 0069 3b00
0000 69fe 0000 0069 4200 0000 6947 0000
0069 8800 0000 698f 0000 0069 7800 0000
6953 0000 0069 2200 0000 69f2 0000 0069
2400 0000 691e 0000 0069 f000 0000 695c
0000 0069 c800 0000 69d7 0000 0069 8b00
0000 6979 0000 0069 1a00 0000 69d3 0000
0069 1d00 0000 69b4 0000 0069 1900 0000
6987 0000 0069 6500 0000 69ab 0000 0069
e900 0000 6914 0000 0069 a800 0000 695b
0000 0069 cc00 0000 691b 0000 0069 fa00
0000 690a 0000 0069 5200 0000 695e 0000
0069 9800 0000 69fb 0000 0069 ec00 0000
6943 0000 0069 ad00 0000 69c1 0000 0069
1800 0000 69f6 0000 0074 0000 0000 2809
0000 0074 0700 0000 6d61 7273 6861 6c74
0100 0000 6474 0100 0000 6574 0100 0000
6974 0100 0000 6a74 0100 0000 6b74 0300
0000 6c65 6e74 0300 0000 6368 7274 0500
0000 6c6f 6164 7328 0000 0000 2800 0000
0028 0000 0000 7308 0000 003c 7363 7269
7074 3e74 0800 0000 3c6d 6f64 756c 653e
0100 0000 737a 0000 000c 01ff 00ff 00ff
00ff 00ff 00ff 00ff 00ff 00ff 00ff 00ff
00ff 00ff 00ff 00ff 00ff 00ff 00ff 00ff
00ff 00ff 00ff 00ff 00ff 00ff 00ff 00ff
00ff 00ff 00ff 00ff 00ff 00ff 00ff 00ff
00ff 00ff 00ff 00ff 00ff 00ff 00ff 00ff
00ff 00ff 0087 0106 0112 01ff 00ff 00ff
0006 0103 0112 0004 0112 0009 011c 010a
010e 0128 0200 0000 7407 0000 006d 6172
7368 616c 7405 0000 006c 6f61 6473 2800
0000 0028 0000 0000 2800 0000 0073 0600
0000 6272 2e70 7965 7408 0000 003c 6d6f
6475 6c65 3e01 0000 0073 0200 0000 0c00
