03f3 0d0a f94e 685b 6300 0000 0000 0000
0003 0000 0040 0000 0073 2100 0000 6400
0064 0100 6c00 005a 0000 6500 006a 0100
6402 0083 0100 6401 0004 5564 0100 5328
0300 0000 69ff ffff ff4e 749a 3a00 0063
0000 0000 0000 0000 4610 0000 4000 0000
737c 3400 0064 0000 6401 006c 0000 5a00
0064 0200 6403 0064 0400 6405 0064 0600
6407 0064 0800 6409 0064 0a00 640b 0064
0c00 640d 0064 0e00 640c 0064 0f00 6403
0064 1000 6411 0064 1200 6413 0064 1400
6415 0064 1600 6417 0064 1800 6419 0064
1a00 641b 0064 1c00 641d 0064 1e00 641f
0064 2000 6421 0064 2200 6423 0064 2400
6425 0064 2600 6427 0064 0500 6428 0064
2900 642a 0064 2b00 642c 0064 2d00 642e
0064 2f00 6430 0064 3100 6432 0064 3300
6434 0064 1900 642a 0064 3500 6436 0064
3700 6438 0064 3900 643a 0064 3b00 643c
0064 3d00 643e 0064 3f00 6440 0064 1900
6441 0064 4200 6443 0064 4400 6445 0064
4600 6447 0064 4800 6449 0064 4a00 6438
0064 4b00 6426 0064 4c00 644d 0064 4100
6424 0064 1500 644e 0064 4f00 6450 0064
5100 6452 0064 5300 6454 0064 5500 6456
0064 5700 6458 0064 2600 6459 0064 5a00
645b 0064 5c00 645d 0064 5e00 645f 0064
6000 6444 0064 0d00 6461 0064 6200 6463
0064 6400 6413 0064 6500 645b 0064 6600
643a 0064 6700 6468 0064 6500 6469 0064
3b00 641d 0064 6a00 646b 0064 6c00 6432
0064 6d00 6424 0064 6e00 6445 0064 6f00
6470 0064 7100 645c 0064 7200 641f 0064
7300 6474 0064 7500 6447 0064 3900 6476
0064 7700 6478 0064 7900 647a 0064 7700
647b 0064 3d00 647c 0064 7d00 6434 0064
2600 6471 0064 7e00 6402 0064 7f00 6447
0064 8000 645c 0064 8100 6482 0064 6200
6423 0064 0d00 6421 0064 8300 6442 0064
8400 6485 0064 6e00 647a 0064 8600 6487
0064 6a00 6488 0064 3b00 6466 0064 8900
648a 0064 5f00 648b 0064 8300 648c 0064
5100 6413 0064 5100 648d 0064 7a00 6478
0064 8e00 648f 0064 8f00 641d 0064 9000
6491 0064 9200 6493 0064 9400 6495 0064
3000 647b 0064 9600 6439 0064 2500 648e
0064 5a00 6419 0064 9700 6498 0064 2d00
6499 0064 5d00 649a 0064 9b00 6474 0064
9c00 6414 0064 3400 6462 0064 9d00 6442
0064 9e00 647c 0064 9f00 64a0 0064 a100
64a2 0064 0a00 643f 0064 a300 6488 0064
4800 6469 0064 9400 64a4 0064 3600 644d
0064 8100 64a5 0064 1000 6411 0064 0800
6438 0064 4d00 64a6 0064 3200 6423 0064
a700 6490 0064 3a00 648b 0064 a800 640b
0064 9f00 6426 0064 0500 6467 0064 a900
6408 0064 6500 6455 0064 aa00 64ab 0064
9600 640e 0064 1200 645c 0064 0300 6438
0064 9f00 647a 0064 a700 642c 0064 1500
6416 0064 1100 6418 0064 1900 64ac 0064
1b00 64ad 0064 9f00 641e 0064 ae00 6458
0064 2100 6422 0064 a300 6424 0064 2500
64af 0064 2700 6405 0064 8c00 6429 0064
2a00 64b0 0064 2c00 642d 0064 b100 642f
0064 3000 64b2 0064 3200 6433 0064 b300
6419 0064 2a00 64b4 0064 3600 6437 0064
b500 6439 0064 3a00 64b6 0064 3c00 643d
0064 a200 643f 0064 4000 64a0 0064 4100
6442 0064 a800 6444 0064 4500 6494 0064
4700 6448 0064 ae00 644a 0064 3800 6424
0064 2600 644c 0064 6e00 6441 0064 2400
6438 0064 4e00 644f 0064 1f00 6451 0064
5200 6404 0064 5400 6455 0064 5900 6457
0064 5800 647d 0064 5900 645a 0064 8600
645c 0064 5d00 6461 0064 5f00 6460 0064
5500 640d 0064 6100 64b7 0064 6300 6464
0064 b800 6465 0064 5b00 64ad 0064 3a00
6467 0064 6e00 6465 0064 6900 6458 0064
1d00 646a 0064 b900 646c 0064 3200 64ba
0064 2400 646e 0064 bb00 646f 0064 7000
648e 0064 5c00 6472 0064 bc00 6473 0064
7400 6495 0064 4700 6439 0064 5e00 6477
0064 7800 64bd 0064 7a00 6477 0064 2c00
643d 0064 7c00 6450 0064 3400 6426 0064
6f00 647e 0064 0200 64be 0064 4700 6480
0064 ae00 6481 0064 8200 6462 0064 2300
640d 0064 bf00 6483 0064 4200 64b2 0064
8500 646e 0064 c000 6486 0064 8700 6441
0064 8800 643b 0064 a600 6489 0064 8a00
64c1 0064 8b00 6483 0064 c200 6451 0064
1300 6497 0064 8d00 647a 0064 c300 648e
0064 8f00 64c4 0064 1d00 6490 0064 3400
6492 0064 9300 644d 0064 9500 6430 0064
c500 6496 0064 3900 649a 0064 8e00 645a
0064 c600 6497 0064 9800 640f 0064 9900
645d 0064 3d00 649b 0064 7400 64c1 0064
1400 6434 0064 c700 649d 0064 4200 64c8
0064 7c00 649f 0064 1600 64a1 0064 a200
6471 0064 3f00 64a3 0064 5400 6448 0064
6900 6402 0064 a400 6436 0064 3900 6481
0064 a500 64bf 0064 1100 6408 0064 5400
644d 0064 a600 6481 0064 2300 64a7 0064
2f00 643a 0064 8b00 6474 0064 0b00 649f
0064 3c00 6405 0064 6700 6455 0064 0800
6465 0064 2300 64aa 0064 ab00 64c9 0064
0e00 6412 0064 7e00 6403 0064 3800 64ca
0064 7a00 64a7 0064 ba00 6415 0064 1600
64cb 0064 1800 6419 0064 cc00 641b 0064
ad00 64cd 0064 1e00 64ae 0064 8400 6421
0064 2200 6476 0064 2400 6425 0064 0f00
6427 0064 0500 642f 0064 2900 642a 0064
1500 642c 0064 2d00 64a4 0064 2f00 6430
0064 2800 6432 0064 3300 646b 0064 1900
642a 0064 8300 6436 0064 3700 64ce 0064
3900 643a 0064 6100 643c 0064 3d00 64cf
0064 3f00 6440 0064 af00 6441 0064 4200
642a 0064 4400 6445 0064 0700 6447 0064
4800 64d0 0064 4a00 6438 0064 5200 6426
0064 4c00 6453 0064 4100 6424 0064 0c00
644e 0064 4f00 648b 0064 5100 6452 0064
a200 6454 0064 5500 6483 0064 5700 6458
0064 2f00 6459 0064 5a00 6447 0064 5c00
645d 0064 b000 645f 0064 6000 6414 0064
0d00 6461 0064 d100 6463 0064 6400 6425
0064 6500 645b 0064 0c00 643a 0064 6700
64ab 0064 6500 6469 0064 1800 641d 0064
6a00 64d2 0064 6c00 6432 0064 4200 6424
0064 6e00 64d3 0064 6f00 6470 0064 7500
645c 0064 7200 647d 0064 7300 6474 0064
9600 6447 0064 3900 64d4 0064 7700 6478
0064 7300 647a 0064 7700 64cd 0064 3d00
647c 0064 5c00 6434 0064 2600 6477 0064
7e00 6402 0064 8000 6447 0064 8000 649f
0064 8100 6482 0064 c900 6423 0064 0d00
6430 0064 8300 6442 0064 4900 6485 0064
6e00 6482 0064 8600 6487 0064 aa00 6488
0064 3b00 649f 0064 8900 648a 0064 2a00
648b 0064 8300 6439 0064 5100 6413 0064
5100 648d 0064 7a00 6436 0064 8e00 648f
0064 d500 641d 0064 9000 64d6 0064 9200
6493 0064 6800 6495 0064 3000 64ad 0064
9600 6439 0064 8700 648e 0064 5a00 647b
0064 9700 6498 0064 ca00 6499 0064 5d00
641b 0064 9b00 6474 0064 c300 6414 0064
3400 644e 0064 9d00 6442 0064 3f00 647c
0064 9f00 6496 0064 a100 64a2 0064 d700
643f 0064 a300 6434 0064 4800 6469 0064
d800 64a4 0064 3600 6466 0064 8100 64a5
0064 d900 6411 0064 0800 6413 0064 4d00
64a6 0064 2e00 6423 0064 a700 64b3 0064
3a00 648b 0064 d700 640b 0064 9f00 6418
0064 0500 6467 0064 da00 6408 0064 6500
64db 0064 aa00 64ab 0064 a400 640e 0064
1200 6416 0064 0300 6438 0064 0400 647a
0064 a700 64a9 0064 1500 6416 0064 8400
6418 0064 1900 64a6 0064 1b00 64ad 0064
d800 641e 0064 ae00 6411 0064 2100 6422
0064 7700 6424 0064 2500 646a 0064 2700
6405 0064 5a00 6429 0064 2a00 64b1 0064
2c00 642d 0064 dc00 642f 0064 3000 64bd
0064 3200 6433 0064 5600 6419 0064 2a00
64be 0064 3600 6437 0064 9100 6439 0064
3a00 64bb 0064 3c00 643d 0064 bf00 643f
0064 4000 640b 0064 4100 6442 0064 3600
6444 0064 4500 64dd 0064 4700 6448 0064
0300 644a 0064 3800 6423 0064 2600 644c
0064 8900 6441 0064 2400 6441 0064 4e00
644f 0064 b200 6451 0064 5200 6429 0064
5400 6455 0064 bb00 6457 0064 5800 64de
0064 5900 645a 0064 b800 645c 0064 5d00
647c 0064 5f00 6460 0064 9600 640d 0064
6100 6469 0064 6300 6464 0064 5000 6465
0064 5b00 642b 0064 3a00 6467 0064 ba00
6465 0064 6900 64df 0064 1d00 646a 0064
7f00 646c 0064 3200 6411 0064 2400 646e
0064 8b00 646f 0064 7000 6441 0064 5c00
6472 0064 9300 6473 0064 7400 64b9 0064
4700 6439 0064 1b00 6477 0064 7800 6415
0064 7a00 6477 0064 e000 643d 0064 7c00
64e1 0064 3400 6426 0064 b600 647e 0064
0200 6462 0064 4700 6480 0064 1200 6481
0064 8200 64ae 0064 2300 640d 0064 c400
6483 0064 4200 6417 0064 8500 646e 0064
7900 6486 0064 8700 641a 0064 8800 643b
0064 bd00 6489 0064 8a00 64e2 0064 8b00
6483 0064 3600 6451 0064 1300 6482 0064
8d00 647a 0064 dd00 648e 0064 8f00 6489
0064 1d00 6490 0064 4f00 6492 0064 9300
64a6 0064 9500 6430 0064 2100 6496 0064
3900 6442 0064 8e00 645a 0064 7b00 6497
0064 9800 643f 0064 9900 645d 0064 cd00
649b 0064 7400 649e 0064 1400 6434 0064
1f00 649d 0064 4200 6498 0064 7c00 649f
0064 3900 64a1 0064 a200 6467 0064 3f00
64a3 0064 6a00 6448 0064 6900 6412 0064
a400 6436 0064 1400 6481 0064 a500 648b
0064 1100 6408 0064 9000 644d 0064 a600
6438 0064 2300 64a7 0064 be00 643a 0064
8b00 6483 0064 0b00 649f 0064 d600 6405
0064 6700 64b9 0064 0800 6465 0064 bf00
64aa 0064 ab00 64a2 0064 0e00 6412 0064
9600 6403 0064 3800 64e2 0064 7a00 64a7
0064 e300 6415 0064 1600 6449 0064 1800
6419 0064 2200 641b 0064 ad00 64b7 0064
1e00 64ae 0064 4800 6421 0064 2200 64e4
0064 2400 6425 0064 2e00 6427 0064 0500
645e 0064 2900 642a 0064 c900 642c 0064
2d00 6465 0064 2f00 6430 0064 6e00 6432
0064 3300 6410 0064 1900 642a 0064 4800
6436 0064 3700 6431 0064 3900 643a 0064
8200 643c 0064 3d00 64e5 0064 3f00 6440
0064 aa00 6441 0064 4200 6403 0064 4400
6445 0064 d700 6447 0064 4800 64ae 0064
4a00 6438 0064 c600 6426 0064 4c00 6471
0064 4100 6424 0064 4400 644e 0064 4f00
64ae 0064 5100 6452 0064 4400 6454 0064
5500 6425 0064 5700 6458 0064 7d00 6459
0064 5a00 644e 0064 5c00 645d 0064 8100
645f 0064 6000 64ba 0064 0d00 6461 0064
0400 6463 0064 6400 64cf 0064 6500 645b
0064 e600 643a 0064 6700 6482 0064 6500
6469 0064 9200 641d 0064 6a00 6436 0064
6c00 6432 0064 e700 6424 0064 6e00 641c
0064 6f00 6470 0064 2100 645c 0064 7200
6407 0064 7300 6474 0064 af00 6447 0064
3900 64a5 0064 7700 6478 0064 d500 647a
0064 7700 6445 0064 3d00 647c 0064 b400
6434 0064 2600 64bf 0064 7e00 6402 0064
db00 6447 0064 8000 6446 0064 8100 6482
0064 6f00 6423 0064 0d00 64e4 0064 8300
6442 0064 d800 6485 0064 6e00 64a5 0064
8600 6487 0064 a700 6488 0064 3b00 6486
0064 8900 648a 0064 8b00 648b 0064 8300
64d6 0064 5100 6413 0064 1200 648d 0064
7a00 6453 0064 8e00 648f 0064 5500 641d
0064 9000 6491 0064 9200 6493 0064 e800
6495 0064 3000 6405 0064 9600 6439 0064
3800 648e 0064 5a00 64c4 0064 9700 6498
0064 7f00 6499 0064 5d00 64b8 0064 9b00
6474 0064 2f00 6414 0064 3400 6418 0064
9d00 6442 0064 e100 647c 0064 9f00 64be
0064 a100 64a2 0064 9c00 643f 0064 a300
6430 0064 4800 6469 0064 8100 64a4 0064
3600 6456 0064 8100 64a5 0064 5700 6411
0064 0800 646b 0064 4d00 64a6 0064 9800
6423 0064 a700 6469 0064 3a00 648b 0064
1a00 640b 0064 9f00 6459 0064 0500 6467
0064 9600 6408 0064 6500 6488 0064 aa00
64ab 0064 6400 640e 0064 1200 645f 0064
0300 6438 0064 9700 647a 0064 a700 6449
0064 1500 6416 0064 a200 6418 0064 1900
6486 0064 1b00 64ad 0064 6800 641e 0064
ae00 64b6 0064 2100 6422 0064 3400 6424
0064 2500 64d4 0064 2700 6405 0064 8a00
6429 0064 2a00 64a5 0064 2c00 642d 0064
0c00 642f 0064 3000 6445 0064 3200 6433
0064 5800 6419 0064 2a00 64db 0064 3600
6437 0064 2900 6439 0064 3a00 64a7 0064
3c00 643d 0064 9e00 643f 0064 4000 642d
0064 4100 6442 0064 a800 6444 0064 4500
6480 0064 4700 6448 0064 cc00 644a 0064
3800 649d 0064 2600 644c 0064 e400 6441
0064 2400 64e9 0064 4e00 644f 0064 6500
6451 0064 5200 64e4 0064 5400 6455 0064
b500 6457 0064 5800 6471 0064 5900 645a
0064 8500 645c 0064 5d00 6430 0064 5f00
6460 0064 bc00 640d 0064 6100 6408 0064
6300 6464 0064 8200 6465 0064 5b00 64ea
0064 3a00 6467 0064 8500 6465 0064 6900
642c 0064 1d00 646a 0064 8000 646c 0064
3200 6426 0064 2400 646e 0064 2c00 646f
0064 7000 644a 0064 5c00 6472 0064 1000
6473 0064 7400 641d 0064 4700 6439 0064
2800 6477 0064 7800 6446 0064 7a00 6477
0064 c200 643d 0064 7c00 64a9 0064 3400
6426 0064 6c00 647e 0064 0200 6480 0064
4700 6480 0064 9f00 6481 0064 8200 64c9
0064 2300 640d 0064 5b00 6483 0064 4200
64bd 0064 8500 646e 0064 9d00 6486 0064
8700 64ea 0064 8800 643b 0064 9300 6489
0064 8a00 64c4 0064 8b00 6483 0064 5700
6451 0064 1300 646a 0064 8d00 647a 0064
db00 648e 0064 8f00 64eb 0064 1d00 6490
0064 7500 6492 0064 9300 6430 0064 9500
6430 0064 4a00 6496 0064 3900 64e9 0064
8e00 645a 0064 2000 6497 0064 9800 6474
0064 9900 645d 0064 7500 649b 0064 7400
6479 0064 1400 6434 0064 2d00 649d 0064
4200 64d3 0064 7c00 649f 0064 3800 64a1
0064 a200 64a8 0064 3f00 64a3 0064 b700
6448 0064 6900 6485 0064 a400 6436 0064
9700 6481 0064 a500 6405 0064 1100 6408
0064 5c00 644d 0064 a600 643d 0064 2300
64a7 0064 e100 643a 0064 8b00 6456 0064
0b00 649f 0064 1400 6405 0064 6700 64c7
0064 0800 6465 0064 ac00 64aa 0064 ab00
64db 0064 0e00 6412 0064 9b00 6403 0064
3800 64a4 0064 7a00 64a7 0064 3a00 6415
0064 1600 6435 0064 1800 6419 0064 4f00
641b 0064 ad00 649f 0064 1e00 64ae 0064
e200 6421 0064 2200 64b7 0064 2400 6425
0064 7400 6427 0064 0500 64ec 0064 2900
642a 0064 e000 642c 0064 2d00 640d 0064
2f00 6430 0064 de00 6432 0064 3300 6440
0064 1900 642a 0064 3500 6436 0064 3700
6438 0064 3900 643a 0064 ed00 643c 0064
3d00 6428 0064 3f00 6440 0064 6c00 6441
0064 4200 6425 0064 4400 6445 0064 3400
6447 0064 4800 6402 0064 4a00 6438 0064
2700 6426 0064 4c00 6433 0064 4100 6424
0064 ac00 644e 0064 4f00 6412 0064 5100
6452 0064 5300 6454 0064 5500 64b4 0064
5700 6458 0064 7000 6459 0064 5a00 64cc
0064 5c00 645d 0064 8600 645f 0064 6000
64a7 0064 0d00 6461 0064 9e00 6463 0064
6400 6497 0064 6500 645b 0064 6600 643a
0064 6700 64ee 0064 6500 6469 0064 3b00
641d 0064 6a00 646b 0064 6c00 6432 0064
ef00 6424 0064 6e00 6445 0064 6f00 6470
0064 7100 645c 0064 7200 64da 0064 7300
6474 0064 7500 6447 0064 3900 64a3 0064
7700 6478 0064 3900 647a 0064 7700 644c
0064 3d00 647c 0064 7d00 6434 0064 2600
64cf 0064 7e00 6402 0064 9000 6447 0064
8000 648f 0064 8100 6482 0064 f000 6423
0064 0d00 647e 0064 8300 6442 0064 8400
6485 0064 6e00 6415 0064 8600 6487 0064
6400 6488 0064 3b00 64cf 0064 8900 648a
0064 3b00 648b 0064 8300 645c 0064 5100
6413 0064 0c00 648d 0064 7a00 64bc 0064
8e00 648f 0064 d500 641d 0064 9000 6486
0064 9200 6493 0064 db00 6495 0064 3000
646b 0064 9600 6439 0064 2500 648e 0064
5a00 644c 0064 9700 6498 0064 0900 6499
0064 5d00 645a 0064 9b00 6474 0064 f100
6414 0064 3400 6463 0064 9d00 6442 0064
a600 647c 0064 9f00 64ac 0064 a100 64a2
0064 d000 643f 0064 a300 6483 0064 4800
6469 0064 8800 64a4 0064 3600 64f0 0064
8100 64a5 0064 1000 6411 0064 0800 64f1
0064 4d00 64a6 0064 cd00 6423 0064 a700
6436 0064 3a00 648b 0064 5a00 640b 0064
9f00 643c 0064 0500 6467 0064 a900 6408
0064 6500 6484 0064 aa00 64ab 0064 ec00
640e 0064 1200 64d6 0064 0300 6438 0064
5200 647a 0064 a700 64cd 0064 1500 6416
0064 e200 6418 0064 1900 6442 0064 1b00
64ad 0064 c000 641e 0064 ae00 64b4 0064
2100 6422 0064 3400 6424 0064 2500 64ba
0064 2700 6405 0064 ca00 6429 0064 2a00
64f2 0064 2c00 642d 0064 b500 642f 0064
3000 642c 0064 3200 6433 0064 cc00 6419
0064 c100 648d 0064 2300 64d6 0064 a600
6439 0064 3a00 649f 0064 3c00 64e2 0064
8400 643f 0064 4000 6402 0064 4100 6442
0064 9600 6444 0064 5f00 6413 0064 4700
6407 0064 6900 644a 0064 4700 644b 0064
2600 64dc 0064 c600 6441 0064 2400 64ed
0064 4e00 644f 0064 0f00 6451 0064 5200
6440 0064 5400 6455 0064 f300 6457 0064
5800 6445 0064 5900 645a 0064 6300 645c
0064 5d00 6420 0064 5f00 6460 0064 e900
640d 0064 6100 64dc 0064 6300 6464 0064
7b00 6465 0064 5b00 64f4 0064 3a00 6467
0064 1300 6465 0064 6900 6485 0064 1d00
646a 0064 7600 646c 0064 3200 6433 0064
2400 646e 0064 6300 646f 0064 7000 64ae
0064 5c00 6472 0064 1000 6473 0064 7400
64b8 0064 4700 6439 0064 dd00 6477 0064
7800 64d0 0064 7a00 6477 0064 1a00 643d
0064 7c00 6473 0064 3400 6426 0064 a900
647e 0064 0200 64e0 0064 4700 6480 0064
3c00 6481 0064 8200 6410 0064 2300 640d
0064 1b00 6483 0064 4200 6468 0064 8500
646e 0064 f500 6486 0064 8700 6417 0064
8800 643b 0064 5100 6489 0064 8a00 643e
0064 8b00 6483 0064 cf00 6451 0064 1300
648d 0064 8d00 647a 0064 4800 648e 0064
8f00 642b 0064 1d00 6490 0064 8600 6492
0064 9300 6474 0064 9500 6430 0064 f600
6496 0064 3900 64ca 0064 8e00 645a 0064
a400 6497 0064 9800 647e 0064 9900 645d
0064 2f00 649b 0064 7400 6443 0064 1400
6434 0064 ee00 649d 0064 4200 64be 0064
7c00 649f 0064 2f00 64a1 0064 a200 6405
0064 3f00 64a3 0064 5900 6448 0064 6900
6433 0064 a400 6436 0064 be00 6481 0064
a500 645e 0064 1100 6408 0064 b400 644d
0064 a600 6485 0064 2300 64a7 0064 5400
643a 0064 8b00 643c 0064 0b00 649f 0064
0f00 6405 0064 6700 640b 0064 0800 6465
0064 d900 64aa 0064 ab00 64d2 0064 0e00
6412 0064 6c00 6403 0064 3800 6403 0064
7a00 64a7 0064 c100 6415 0064 1600 6498
0064 1800 6419 0064 6a00 641b 0064 ad00
6456 0064 1e00 64ae 0064 2500 6421 0064
2200 643c 0064 2400 6425 0064 0700 6427
0064 0500 649d 0064 2900 642a 0064 4a00
642c 0064 2d00 6427 0064 2f00 6430 0064
b400 6432 0064 3300 64ad 0064 1900 642a
0064 3e00 6436 0064 3700 64d0 0064 3900
643a 0064 5c00 643c 0064 3d00 64ef 0064
3f00 6440 0064 f200 6441 0064 4200 647d
0064 4400 6445 0064 7300 6447 0064 4800
64ed 0064 4a00 6438 0064 4900 6426 0064
4c00 6415 0064 4100 6424 0064 8e00 644e
0064 4f00 6458 0064 5100 6452 0064 f700
6454 0064 5500 64ed 0064 5700 6458 0064
d800 6459 0064 5a00 643c 0064 5c00 645d
0064 c100 645f 0064 6000 64f8 0064 0d00
6461 0064 a900 6463 0064 6400 641e 0064
6500 645b 0064 ec00 643a 0064 6700 64a4
0064 6500 6469 0064 d600 641d 0064 6a00
642a 0064 6c00 6432 0064 2f00 6424 0064
6e00 64db 0064 6f00 6470 0064 d200 645c
0064 7200 6431 0064 7300 6474 0064 2e00
6447 0064 3900 64ca 0064 7700 6478 0064
4300 647a 0064 7700 64d8 0064 3d00 647c
0064 d200 6434 0064 2600 646d 0064 7e00
6402 0064 5200 6447 0064 8000 6431 0064
8100 6482 0064 5c00 6423 0064 0d00 64f3
0064 8300 6442 0064 2b00 6485 0064 6e00
64bc 0064 8600 6487 0064 bf00 6488 0064
3b00 645e 0064 8900 648a 0064 7700 648b
0064 8300 6462 0064 5100 6413 0064 e500
648d 0064 7a00 6434 0064 8e00 648f 0064
9d00 641d 0064 9000 64eb 0064 9200 6493
0064 1100 6495 0064 3000 64ae 0064 9600
6439 0064 f300 648e 0064 5a00 64a2 0064
9700 6498 0064 1f00 6499 0064 5d00 64b3
0064 9b00 6474 0064 8400 6414 0064 3400
6484 0064 9d00 6442 0064 1600 647c 0064
9f00 6499 0064 a100 64a2 0064 d500 643f
0064 a300 64e6 0064 4800 6469 0064 0b00
64a4 0064 3600 64b8 0064 8100 64a5 0064
3e00 6411 0064 0800 645d 0064 4d00 64a6
0064 5b00 6423 0064 a700 64ed 0064 3a00
648b 0064 2500 640b 0064 9f00 6479 0064
0500 6467 0064 9800 6408 0064 6500 64ec
0064 aa00 64ab 0064 1f00 640e 0064 1200
6420 0064 0300 6438 0064 f000 647a 0064
a700 6405 0064 1500 6416 0064 e600 6418
0064 1900 64dd 0064 1b00 64ad 0064 af00
641e 0064 ae00 642a 0064 2100 6422 0064
cd00 6424 0064 2500 642d 0064 2700 6405
0064 8500 6429 0064 2a00 64d8 0064 2c00
642d 0064 6e00 642f 0064 3000 6449 0064
3200 6433 0064 ad00 6419 0064 2a00 643b
0064 3600 6437 0064 bf00 6439 0064 3a00
643f 0064 3c00 643d 0064 e900 643f 0064
4000 6437 0064 4100 6442 0064 cb00 6444
0064 4500 64a5 0064 4700 6448 0064 f900
644a 0064 3800 643b 0064 2600 644c 0064
9a00 6441 0064 2400 64bb 0064 4e00 644f
0064 e700 6451 0064 5200 6482 0064 5400
6455 0064 d100 6457 0064 5800 64aa 0064
5900 645a 0064 3b00 645c 0064 5d00 64c4
0064 5f00 6460 0064 2700 640d 0064 6100
64ba 0064 6300 6464 0064 8d00 6465 0064
5b00 6478 0064 3a00 6467 0064 8c00 6465
0064 6900 6494 0064 1d00 646a 0064 2400
646c 0064 3200 64c0 0064 2400 646e 0064
e800 646f 0064 7000 644f 0064 5c00 6472
0064 4700 6473 0064 7400 649f 0064 4700
6439 0064 e600 6477 0064 7800 644a 0064
7a00 6477 0064 3900 643d 0064 7c00 64c0
0064 3400 6426 0064 cb00 647e 0064 0200
64bf 0064 4700 6480 0064 3300 6481 0064
8200 64f4 0064 2300 640d 0064 9100 6483
0064 4200 643d 0064 8500 646e 0064 7800
6486 0064 8700 64b5 0064 8800 643b 0064
6100 6489 0064 8a00 64b7 0064 8b00 6483
0064 c900 6451 0064 1300 641f 0064 8d00
647a 0064 7d00 648e 0064 8f00 645f 0064
1d00 6490 0064 6400 6492 0064 9300 6440
0064 9500 6430 0064 5400 6496 0064 3900
6486 0064 8e00 645a 0064 f400 6497 0064
9800 6411 0064 9900 645d 0064 d300 649b
0064 7400 6461 0064 1400 6434 0064 e800
649d 0064 4200 64a2 0064 7c00 649f 0064
4100 64a1 0064 a200 6426 0064 3f00 64a3
0064 cb00 6448 0064 6900 64c4 0064 a400
6436 0064 e500 6481 0064 a500 64d3 0064
1100 6408 0064 f100 644d 0064 a600 647d
0064 2300 64a7 0064 a600 643a 0064 8b00
64f3 0064 0b00 649f 0064 e500 6405 0064
6700 64ce 0064 0800 6465 0064 4500 64aa
0064 ab00 6461 0064 0e00 6412 0064 7b00
6403 0064 3800 646e 0064 7a00 64a7 0064
9d00 6415 0064 1600 64d2 0064 1800 6419
0064 7300 641b 0064 ad00 641b 0064 1e00
64ae 0064 4900 6421 0064 2200 6471 0064
2400 6425 0064 b600 6427 0064 0500 64a5
0064 2900 642a 0064 ab00 642c 0064 2d00
648d 0064 2f00 6430 0064 ee00 6432 0064
3300 643f 0064 1900 642a 0064 0900 6436
0064 3700 6407 0064 3900 643a 0064 d300
643c 0064 3d00 64af 0064 3f00 6440 0064
aa00 6441 0064 4200 6411 0064 4400 6445
0064 ab00 6447 0064 4800 6430 0064 4a00
6438 0064 9e00 6426 0064 4c00 6404 0064
4100 6472 0064 2c00 644e 0064 9c00 6430
0064 5100 64d5 0064 6f00 6454 0064 0900
64b1 0064 5700 64ef 0064 4500 6459 0064
b000 64f6 0064 5c00 64af 0064 c700 645f
0064 fa00 6450 0064 0d00 6440 0064 2300
64dc 0064 8d00 64fb 0064 6500 6424 0064
fc00 6422 0064 0600 647c 0064 ab00 649e
0064 9d00 64c6 0064 5600 645b 0064 fd00
6408 0064 5f00 6471 0064 1c00 64d9 0064
6d00 64b7 0064 4800 648e 0064 d100 64f6
0064 c600 6422 0064 9700 6447 0064 5200
645c 0064 8500 649d 0064 4500 6434 0064
5300 6423 0064 1c00 64a1 0064 8400 64fb
0064 2300 649d 0064 6f00 643d 0064 1900
64a0 0064 ad00 6420 0064 4000 6483 0064
ad00 646d 0064 1900 642b 0064 bc00 6454
0064 e300 64a9 0064 0b00 6480 0064 6f00
6485 0064 8700 6403 0064 ab00 646e 0064
8900 6467 0064 f700 648b 0064 8300 6427
0064 5100 64ea 0064 e000 6430 0064 9200
6470 0064 2600 6415 0064 4300 64cb 0064
bb00 64b8 0064 d500 643a 0064 4300 64b9
0064 c500 645f 0064 6900 6427 0064 d400
642d 0064 c900 64da 0064 2100 64e8 0064
d100 6468 0064 0b00 64d4 0064 4d00 64a2
0064 2c00 6414 0064 3a00 643c 0064 cd00
6433 0064 5400 6431 0064 7a00 6497 0064
4d00 6404 0064 4f00 643f 0064 d100 6439
0064 4800 649e 0064 7a00 640b 0064 a600
64f3 0064 8100 6493 0064 da00 646d 0064
3200 6416 0064 4d00 6416 0064 6000 6423
0064 e200 64a2 0064 2900 6420 0064 f400
640b 0064 0300 640c 0064 4100 6406 0064
0700 6408 0064 3200 64fd 0064 aa00 6479
0064 0d00 64b6 0064 d400 640f 0064 0300
6410 0064 ce00 64f9 0064 e200 6414 0064
1500 64a6 0064 8100 6418 0064 0d00 6478
0064 f500 64d7 0064 1d00 641e 0064 1a00
648c 0064 a300 6474 0064 3600 6424 0064
2e00 64a4 0064 2700 64fe 0064 5500 643a
0064 0b00 6413 0064 2c00 648e 0064 5a00
64c5 0064 1800 6464 0064 3200 64fe 0064
2100 6419 0064 df00 64fa 0064 8400 64ea
0064 0b00 6439 0064 3400 6440 0064 e500
6475 0064 b400 643f 0064 3600 6494 0064
4100 6425 0064 5600 64a9 0064 7100 6447
0064 4700 64e6 0064 7d00 64f5 0064 1000
64a2 0064 2600 643b 0064 6500 6441 0064
5b00 64f3 0064 7500 6461 0064 7700 6451
0064 3900 64c8 0064 9800 6463 0064 aa00
6457 0064 2a00 6465 0064 5900 64db 0064
ab00 64ab 0064 d600 64a9 0064 5f00 64dd
0064 fe00 648f 0064 8d00 6463 0064 6300
64df 0064 7500 6465 0064 2400 64e1 0064
2900 643e 0064 4600 6465 0064 9e00 6461
0064 8e00 6456 0064 f100 646c 0064 6500
6486 0064 2400 641c 0064 9800 64cc 0064
6200 64e6 0064 5c00 64d1 0064 4800 642f
0064 2200 6474 0064 4700 64d4 0064 7400
6477 0064 9d00 64de 0064 2100 64d8 0064
3e00 643d 0064 a100 6405 0064 bb00 6423
0064 5e00 647e 0064 1000 6441 0064 4700
644e 0064 2000 640f 0064 6800 6405 0064
2300 6419 0064 be00 645b 0064 2500 64e3
0064 8500 640d 0064 3100 6486 0064 4100
6487 0064 9a00 64e6 0064 5d00 6489 0064
9400 64ef 0064 4800 64c3 0064 a300 6451
0064 4600 644f 0064 8d00 6492 0064 6900
6470 0064 8000 64cb 0064 1d00 64bb 0064
3400 64ab 0064 a500 6443 0064 9500 6457
0064 6b00 6496 0064 5200 64d4 0064 7000
64bc 0064 da00 6497 0064 7000 64a3 0064
5b00 640b 0064 1000 649b 0064 d500 6442
0064 1400 643a 0064 4500 6477 0064 c000
645e 0064 7c00 6403 0064 9700 64f1 0064
0400 644f 0064 3f00 64d1 0064 1800 6448
0064 9e00 647a 0064 0b00 643e 0064 f300
6481 0064 9300 64da 0064 9a00 6432 0064
1600 644d 0064 1600 6430 0064 2300 64e2
0064 a200 6429 0064 6000 64f4 0064 0b00
6403 0064 0c00 6491 0064 0600 6407 0064
0800 6432 0064 7000 64aa 0064 7900 640d
0064 b600 64dd 0064 0f00 6403 0064 1000
64ce 0064 a800 64e2 0064 1400 6415 0064
a600 640d 0064 1800 640d 0064 7800 64f5
0064 9e00 641d 0064 1e00 641a 0064 8c00
64c8 0064 7400 6436 0064 2400 642e 0064
bc00 6427 0064 fe00 6455 0064 3a00 6481
0064 1300 642c 0064 8e00 645a 0064 3900
6418 0064 6400 6432 0064 fe00 643a 0064
1900 64df 0064 fa00 6484 0064 e900 640b
0064 3900 6434 0064 4000 6434 0064 7500
64b4 0064 3f00 6436 0064 0700 6441 0064
2500 6456 0064 a900 647f 0064 4700 6447
0064 e600 647d 0064 0200 6410 0064 a200
6426 0064 3b00 6403 0064 4100 645b 0064
f300 6475 0064 8000 6477 0064 5100 6439
0064 c800 64b1 0064 6300 64aa 0064 5700
642a 0064 7a00 6459 0064 db00 64ab 0064
ab00 6468 0064 a900 645f 0064 dd00 64fe
0064 4800 648d 0064 6300 6463 0064 df00
64d5 0064 6500 6424 0064 e100 6429 0064
4b00 6446 0064 6500 649e 0064 6100 643e
0064 5600 64f1 0064 6c00 6465 0064 2d00
6424 0064 1c00 6498 0064 cc00 647c 0064
e600 645c 0064 d100 6448 0064 d500 6422
0064 7400 6447 0064 d400 6417 0064 7700
649d 0064 de00 6421 0064 c000 643e 0064
3d00 64a1 0064 0500 648c 0064 2300 645e
0064 7e00 6410 0064 4f00 6447 0064 4e00
6420 0064 0f00 64ea 0064 0500 6423 0064
1900 64be 0064 9300 6425 0064 e300 6485
0064 0d00 64b2 0064 8600 6441 0064 8700
649a 0064 e900 645d 0064 8900 6494 0064
ef00 64b1 0064 c300 64a3 0064 5100 6446
0064 2900 648d 0064 9200 6469 0064 7000
64eb 0064 cb00 641d 0064 bb00 6434 0064
3900 64a5 0064 4300 6495 0064 5700 6479
0064 9600 6452 0064 d400 6470 0064 6200
64da 0064 9700 6470 0064 a300 6435 0064
0b00 6410 0064 9b00 64d5 0064 c600 6414
0064 3a00 6445 0064 7700 644e 0064 5e00
647c 0064 0300 6497 0064 1d00 6404 0064
4f00 643f 0064 d100 64db 0064 4800 649e
0064 7a00 640b 0064 bc00 64f3 0064 8100
6493 0064 da00 64eb 0064 3200 6416 0064
4d00 6416 0064 5600 6423 0064 e200 64a2
0064 2900 6416 0064 f400 640b 0064 0300
640c 0064 b300 6406 0064 0700 6408 0064
3200 64c9 0064 aa00 6479 0064 0d00 64b6
0064 0b00 640f 0064 0300 6410 0064 ce00
64b7 0064 e200 6414 0064 1500 64a6 0064
9900 6418 0064 0d00 6478 0064 f500 64c1
0064 1d00 641e 0064 1a00 648c 0064 2000
6474 0064 3600 6424 0064 2e00 64aa 0064
2700 64fe 0064 5500 643a 0064 c700 6413
0064 2c00 648e 0064 5a00 646b 0064 1800
6464 0064 3200 64fe 0064 b900 6419 0064
df00 64fa 0064 8400 6409 0064 0b00 6439
0064 3400 6440 0064 6400 6475 0064 b400
643f 0064 3600 64d7 0064 4100 6425 0064
5600 64a9 0064 1600 6447 0064 4700 64e6
0064 7d00 646c 0064 1000 64a2 0064 2600
643b 0064 f100 6441 0064 5b00 64f3 0064
7500 64d0 0064 7700 6451 0064 3900 64c8
0064 b000 6463 0064 aa00 6457 0064 2a00
64a4 0064 5900 64db 0064 ab00 64ab 0064
ce00 64a9 0064 5f00 64dd 0064 fe00 640f
0064 8d00 6463 0064 6300 64df 0064 1700
6465 0064 2400 64e1 0064 2900 64eb 0064
4600 6465 0064 9e00 6461 0064 8900 6456
0064 f100 646c 0064 6500 645f 0064 2400
641c 0064 9800 64cc 0064 5200 64e6 0064
5c00 64d1 0064 4800 6475 0064 2200 6474
0064 4700 64d4 0064 5800 6477 0064 9d00
64de 0064 2100 64fa 0064 3e00 643d 0064
a100 6405 0064 7600 6423 0064 5e00 647e
0064 1000 6403 0064 4700 644e 0064 2000
640f 0064 f200 6405 0064 2300 6419 0064
be00 64e8 0064 2500 64e3 0064 8500 640d
0064 4400 6486 0064 4100 6487 0064 9a00
64ae 0064 5d00 6489 0064 9400 64ef 0064
7a00 64c3 0064 a300 6451 0064 4600 6493
0064 8d00 6492 0064 6900 6470 0064 f500
64cb 0064 1d00 64bb 0064 3400 649b 0064
a500 6443 0064 9500 6457 0064 7500 6496
0064 5200 64d4 0064 7000 646f 0064 da00
6497 0064 7000 64a3 0064 8000 640b 0064
1000 649b 0064 d500 646b 0064 1400 643a
0064 4500 6477 0064 ff00 645e 0064 7c00
6403 0064 9700 64a5 0064 0400 644f 0064
3f00 64d1 0064 1a00 6448 0064 9e00 647a
0064 0b00 644e 0064 f300 6481 0064 9300
64da 0064 5500 6432 0064 1600 644d 0064
1600 643c 0064 2300 64e2 0064 a200 6429
0064 d200 64f4 0064 0b00 6403 0064 0c00
646f 0064 0600 6407 0064 0800 6432 0064
3500 64aa 0064 7900 640d 0064 b600 6494
0064 0f00 6403 0064 1000 64ce 0064 d700
64e2 0064 1400 6415 0064 a600 6478 0064
1800 640d 0064 7800 64f5 0064 4900 641d
0064 1e00 641a 0064 8c00 64b7 0064 7400
6436 0064 2400 642e 0064 b200 6427 0064
fe00 6455 0064 3a00 647a 0064 1300 642c
0064 8e00 645a 0064 ab00 6418 0064 6400
6432 0064 fe00 6414 0064 1900 64df 0064
fa00 6484 0064 3c00 640b 0064 3900 6434
0064 4000 643d 0064 7500 64b4 0064 3f00
6436 0064 1500 6441 0064 2500 6456 0064
a900 64d4 0064 4700 6447 0064 e600 647d
0064 8f00 6410 0064 a200 6426 0064 3b00
64c0 0064 4100 645b 0064 f300 6475 0064
e200 6477 0064 5100 6439 0064 c800 6462
0064 6300 64aa 0064 5700 642a 0064 8f00
6459 0064 db00 64ab 0064 ab00 641f 0064
a900 645f 0064 dd00 64fe 0064 2b00 648d
0064 6300 6463 0064 df00 6464 0064 6500
6424 0064 e100 6429 0064 bb00 6446 0064
6500 649e 0064 6100 6442 0064 5600 64f1
0064 6c00 6465 0064 6e00 6424 0064 1c00
6498 0064 cc00 64b4 0064 e600 645c 0064
d100 6448 0064 8500 6422 0064 7400 6447
0064 d400 648a 0064 7700 649d 0064 de00
6421 0064 e300 643e 0064 3d00 64a1 0064
0500 64c7 0064 2300 645e 0064 7e00 6410
0064 a400 6447 0064 4e00 6420 0064 0f00
648e 0064 0500 6423 0064 1900 64be 0064
e000 6425 0064 e300 6485 0064 0d00 64db
0064 8600 6441 0064 8700 649a 0064 d600
645d 0064 8900 6494 0064 ef00 6494 0064
c300 64a3 0064 5100 6446 0064 7b00 648d
0064 9200 6469 0064 7000 6424 0064 cb00
641d 0064 bb00 6434 0064 f200 64a5 0064
4300 6495 0064 5700 643b 0064 9600 6452
0064 d400 6470 0064 ef00 64da 0064 9700
6470 0064 a300 6407 0064 0b00 6410 0064
9b00 64d5 0064 1000 6414 0064 3a00 6445
0064 7700 64f3 0064 5e00 647c 0064 0300
6497 0064 1e00 6404 0064 4f00 643f 0064
d100 640c 0064 4800 649e 0064 7a00 640b
0064 c800 64f3 0064 8100 6493 0064 da00
6489 0064 3200 6416 0064 4d00 6416 0064
5b00 6423 0064 e200 64a2 0064 2900 64db
0064 f400 640b 0064 0300 640c 0064 4300
6406 0064 0700 6408 0064 3200 64f9 0064
aa00 6479 0064 0d00 64b6 0064 d300 640f
0064 0300 6410 0064 ce00 6441 0064 e200
6414 0064 1500 64a6 0064 3800 6418 0064
0d00 6478 0064 f500 64df 0064 1d00 641e
0064 1a00 648c 0064 bb00 6474 0064 3600
6424 0064 2e00 64f8 0064 2700 64fe 0064
5500 643a 0064 cd00 6413 0064 2c00 648e
0064 5a00 64ed 0064 1800 6464 0064 3200
64fe 0064 6b00 6419 0064 df00 64fa 0064
8400 64a8 0064 0b00 6439 0064 3400 6440
0064 2000 6475 0064 b400 643f 0064 3600
6412 0064 4100 6425 0064 5600 64a9 0064
f000 6447 0064 4700 64e6 0064 7d00 64f6
0064 1000 64a2 0064 2600 643b 0064 7b00
6441 0064 5b00 64f3 0064 3f00 64ef 0064
7700 6451 0064 3900 64c8 0064 c300 6463
0064 aa00 6457 0064 2a00 640e 0064 5900
64db 0064 ab00 64ab 0064 4200 64a9 0064
5f00 64dd 0064 fe00 6463 0064 8d00 6463
0064 6300 64df 0064 f600 6465 0064 2400
64e1 0064 2900 6463 0064 4600 6465 0064
9e00 6461 0064 bb00 6456 0064 f100 646c
0064 6500 641c 0064 2400 641c 0064 9800
64cc 0064 ae00 64e6 0064 5c00 64d1 0064
4800 64c5 0064 2200 6474 0064 4700 64d4
0064 a600 6477 0064 9d00 64de 0064 2100
6461 0064 3e00 643d 0064 a100 6405 0064
af00 6423 0064 5e00 647e 0064 1000 647c
0064 4700 644e 0064 2000 640f 0064 4000
6405 0064 2300 6419 0064 be00 6471 0064
2500 64e3 0064 8500 6497 0064 4d00 6486
0064 4100 6487 0064 6600 6433 0064 5d00
6489 0064 9400 6460 0064 0600 6471 0064
a200 64e0 0064 2b00 64bf 0064 1400 648f
0064 6900 648e 0064 ce00 6473 0064 3700
6418 0064 b800 6492 0064 a500 643a 0064
5400 64bb 0064 5f00 6496 0064 5200 6452
0064 3500 64c9 0064 da00 6497 0064 7000
644f 0064 d200 64a6 0064 1000 649b 0064
2200 6471 0064 8d00 6499 0064 4500 649d
0064 2500 644c 0064 4600 6475 0064 1300
64da 0064 0400 644f 0064 3f00 64dd 0064
8000 6420 0064 f600 64f0 0064 a400 64e8
0064 f300 648c 0064 9900 6491 0064 da00
64e7 0064 f900 644d 0064 ea00 6405 0064
2300 64ff 0064 a200 643a 0064 1e00 64f4
0064 b800 6403 0064 0400 6405 0064 0600
641f 0064 2800 6409 0064 0a00 64aa 0064
7e00 64c9 0064 0800 64cc 0064 8100 646c
0064 1700 6467 0064 eb00 6447 0064 1400
6415 0064 9500 6499 0064 1a00 64cd 0064
9d00 640d 0064 1c00 64cb 0064 b500 6478
0064 2000 6421 0064 7400 6478 0064 4000
6442 0064 0500 6427 0064 4000 6409 0064
0400 64df 0064 9e00 642c 0064 9b00 648b
0064 aa00 6418 0064 b100 6432 0064 4200
6493 0064 3c00 64df 0064 0800 64fe 0064
5d00 64a6 0064 9200 6443 0064 f500 643c
0064 9c00 64b4 0064 8400 6484 0064 cd00
64f8 0064 a800 64b5 0064 4c00 6420 0064
3900 64fc 0064 8200 64ba 0064 7c00 64c0
0064 7100 643e 0064 3300 641d 0064 1000
64df 0067 4610 5a01 0064 0001 5a02 0064
4600 6446 0066 0200 5c02 005a 0300 5a04
0064 0b00 6403 0064 0400 6405 0064 0600
6407 0064 0800 6409 0064 0a00 64aa 0064
7900 640d 0064 0e00 645f 0064 0f00 6403
0064 1000 6496 0064 7a00 64e2 0064 1400
6415 0064 9500 6417 0064 1800 640d 0064
7800 641b 0064 c000 641d 0064 1e00 641a
0064 2000 6421 0064 7400 6436 0064 2400
6442 0064 0500 6427 0064 fe00 6455 0064
2900 64df 0064 1300 642c 0064 8e00 648b
0064 2f00 6418 0064 6400 6432 0064 cf00
6493 0064 1900 64df 0064 fa00 6436 0064
4d00 640b 0064 3900 6434 0064 e800 643c
0064 7500 64b4 0064 3f00 6484 0064 1c00
6441 0064 2500 6456 0064 4400 6420 0064
4700 6447 0064 e600 64ba 0064 4a00 6410
0064 a200 6426 0064 b200 6473 0064 4100
645b 0064 f300 644e 0064 ef00 6477 0064
5100 6439 0064 7e00 6454 0064 6300 64aa
0064 5700 6464 0064 7800 6459 0064 db00
64ab 0064 5c00 640b 0064 a900 645f 0064
dd00 64cf 0064 0d00 648d 0064 6300 6463
0064 5800 64e5 0064 6500 6424 0064 e100
643a 0064 0600 6446 0064 6500 649e 0064
1a00 641d 0064 5600 64f1 0064 6c00 6408
0064 3c00 6424 0064 1c00 6498 0064 6f00
6498 0064 e600 645c 0064 d100 64bd 0064
7300 6422 0064 7400 6447 0064 5200 640e
0064 7700 649d 0064 de00 647a 0064 5300
643e 0064 3d00 64a1 0064 3300 6434 0064
2300 645e 0064 7e00 647f 0064 1900 6447
0064 4e00 6420 0064 8100 640a 0064 0500
6423 0064 1900 6487 0064 8300 6425 0064
e300 6485 0064 1c00 6480 0064 8600 6441
0064 8700 6488 0064 1400 645d 0064 8900
6494 0064 5b00 648b 0064 c300 64a3 0064
5100 64d2 0064 2900 648d 0064 9200 6469
0064 8e00 64ce 0064 cb00 641d 0064 bb00
64b8 0064 9200 64a5 0064 4300 6495 0064
1800 645f 0064 9600 6452 0064 d400 648e
0064 db00 64da 0064 9700 6470 0064 7200
6499 0064 0b00 6410 0064 9b00 6422 0064
2c00 6414 0064 3a00 6445 0064 9d00 6425
0064 5e00 647c 0064 0300 64fb 0064 a100
6404 0064 4f00 643f 0064 0101 641c 0064
4800 649e 0064 7a00 64a4 0064 e800 64f3
0064 8100 6493 0064 e100 6411 0064 3200
6416 0064 4d00 64ea 0064 0500 6423 0064
e200 64a2 0064 3a00 641e 0064 f400 67ff
005a 0500 7865 0065 0300 6506 0065 0100
8301 006b 0500 7218 3450 6e00 0065 0400
6506 0065 0500 8301 006b 0500 7233 3464
4600 5a04 006e 0000 6502 0065 0700 6501
0065 0300 1965 0500 6504 0019 4183 0100
375a 0200 6503 0064 a100 375a 0300 6504
0064 a100 375a 0400 7102 3457 6500 006a
0800 6502 0083 0100 6401 0004 5564 0100
5328 0201 0000 69ff ffff ff4e 6958 0000
0069 3300 0000 6988 0000 0069 b300 0000
694f 0000 0069 8d00 0000 69e8 0000 0069
e500 0000 69a7 0000 0069 3b00 0000 69e1
0000 0069 5100 0000 698b 0000 0069 ab00
0000 6955 0000 0069 6600 0000 69c5 0000
0069 0d00 0000 69dd 0000 0069 7600 0000
6937 0000 0069 2100 0000 69c9 0000 0069
3500 0000 69a4 0000 0069 2400 0000 6938
0000 0069 4900 0000 694a 0000 0069 fe00
0000 69c7 0000 0069 1400 0000 691a 0000
0069 d400 0000 69f5 0000 0069 2500 0000
69b0 0000 0069 6e00 0000 69e0 0000 0069
7700 0000 69f4 0000 0069 0800 0000 699b
0000 0069 ea00 0000 6928 0000 0069 9e00
0000 69ad 0000 0069 9a00 0000 698c 0000
0069 da00 0000 697a 0000 0069 fa00 0000
69d6 0000 0069 3d00 0000 6931 0000 0069
0b00 0000 691e 0000 0069 b900 0000 69ca
0000 0069 3900 0000 69b1 0000 0069 4000
0000 69db 0000 0069 5b00 0000 6941 0000
0069 7b00 0000 69a6 0000 0069 a300 0000
6900 0000 0069 0f00 0000 69b5 0000 0069
8400 0000 696c 0000 0069 ef00 0000 69b4
0000 0069 5900 0000 6934 0000 0069 9c00
0000 69bb 0000 0069 4500 0000 696f 0000
0069 cc00 0000 6927 0000 0069 e400 0000
6975 0000 0069 a000 0000 69f9 0000 0069
2000 0000 6947 0000 0069 9100 0000 69ee
0000 0069 5f00 0000 69d8 0000 0069 a100
0000 69fc 0000 0069 cd00 0000 6999 0000
0069 8000 0000 699d 0000 0069 8100 0000
6970 0000 0069 2b00 0000 691c 0000 0069
9600 0000 6911 0000 0069 0c00 0000 6943
0000 0069 d500 0000 695c 0000 0069 ba00
0000 69e7 0000 0069 f000 0000 69f6 0000
0069 4800 0000 697e 0000 0069 5d00 0000
69af 0000 0069 a800 0000 69a5 0000 0069
e300 0000 697d 0000 0069 9700 0000 6965
0000 0069 fd00 0000 69df 0000 0069 3c00
0000 6950 0000 0069 c200 0000 69c3 0000
0069 e600 0000 69bf 0000 0069 aa00 0000
69de 0000 0069 3f00 0000 6904 0000 0069
4b00 0000 692a 0000 0069 2e00 0000 69ae
0000 0069 a900 0000 698e 0000 0069 1800
0000 69ac 0000 0069 0a00 0000 6919 0000
0069 7200 0000 694e 0000 0069 5300 0000
6915 0000 0069 1000 0000 6983 0000 0069
1d00 0000 696d 0000 0069 7100 0000 69a2
0000 0069 c100 0000 69f2 0000 0069 5700
0000 696a 0000 0069 0100 0000 69ec 0000
0069 9f00 0000 6952 0000 0069 1600 0000
693a 0000 0069 6300 0000 6926 0000 0069
cf00 0000 6961 0000 0069 8700 0000 69ed
0000 0069 3000 0000 69c0 0000 0069 b800
0000 6946 0000 0069 6200 0000 69d0 0000
0069 7f00 0000 69bd 0000 0069 7400 0000
69e2 0000 0069 8900 0000 6913 0000 0069
3600 0000 6994 0000 0069 c800 0000 69bc
0000 0069 dc00 0000 6956 0000 0069 1b00
0000 6954 0000 0069 f700 0000 69d9 0000
0069 8200 0000 6944 0000 0069 cb00 0000
694c 0000 0069 ce00 0000 69b6 0000 0069
2200 0000 6960 0000 0069 2c00 0000 69d3
0000 0069 3e00 0000 697c 0000 0069 be00
0000 69d2 0000 0069 9200 0000 6969 0000
0069 c400 0000 6906 0000 0069 7300 0000
6903 0000 0069 0500 0000 69e9 0000 0069
f100 0000 6902 0000 0069 2300 0000 698a
0000 0069 9800 0000 69c6 0000 0069 9000
0000 692d 0000 0069 6b00 0000 6907 0000
0069 9300 0000 6985 0000 0069 1700 0000
69d1 0000 0069 ff00 0000 69b2 0000 0069
b700 0000 695e 0000 0069 0900 0000 69eb
0000 0069 3200 0000 698f 0000 0069 f800
0000 6978 0000 0069 1200 0000 6929 0000
0069 6400 0000 6967 0000 0069 4d00 0000
6986 0000 0069 9500 0000 695a 0000 0069
1f00 0000 69f3 0000 0069 7900 0000 690e
0000 0069 4200 0000 69d7 0000 0069 2f00
0000 7400 0000 0069 fb00 0000 2809 0000
0074 0700 0000 6d61 7273 6861 6c74 0100
0000 6474 0100 0000 6574 0100 0000 6974
0100 0000 6a74 0100 0000 6b74 0300 0000
6c65 6e74 0300 0000 6368 7274 0500 0000
6c6f 6164 7328 0000 0000 2800 0000 0028
0000 0000 7308 0000 003c 7363 7269 7074
3e74 0800 0000 3c6d 6f64 756c 653e 0100
0000 7382 0000 000c 01ff 00ff 00ff 00ff
00ff 00ff 00ff 00ff 00ff 00ff 00ff 00ff
00ff 00ff 00ff 00ff 00ff 00ff 00ff 00ff
00ff 00ff 00ff 00ff 00ff 00ff 00ff 00ff
00ff 00ff 00ff 00ff 00ff 00ff 00ff 00ff
00ff 00ff 00ff 00ff 00ff 00ff 00ff 00ff
00ff 00ff 00ff 00ff 00ff 0009 0106 0112
01ff 00ff 00ff 0006 0103 0112 0004 0112
0009 011c 010a 010e 0128 0200 0000 7407
0000 006d 6172 7368 616c 7405 0000 006c
6f61 6473 2800 0000 0028 0000 0000 2800
0000 0073 0600 0000 6466 2e70 7965 7408
0000 003c 6d6f 6475 6c65 3e01 0000 0073
0200 0000 0c00 
