03f3 0d0a a84e 685b 6300 0000 0000 0000
0003 0000 0040 0000 0073 2100 0000 6400
0064 0100 6c00 005a 0000 6500 006a 0100
6402 0083 0100 6401 0004 5564 0100 5328
0300 0000 69ff ffff ff4e 746a 3a00 0063
0000 0000 0000 0000 3510 0000 4000 0000
7349 3400 0064 0000 6401 006c 0000 5a00
0064 0200 6403 0064 0400 6405 0064 0600
6407 0064 0800 6409 0064 0a00 6409 0064
0b00 640c 0064 0d00 640e 0064 0f00 6410
0064 1100 6412 0064 1300 6414 0064 0300
6415 0064 1600 6417 0064 1800 6419 0064
1a00 641b 0064 1c00 641d 0064 1e00 6418
0064 1f00 6420 0064 2100 6422 0064 1000
6423 0064 2400 6425 0064 2600 6427 0064
0300 6428 0064 2900 642a 0064 2b00 642c
0064 2d00 642e 0064 2f00 6430 0064 3100
6432 0064 3300 6434 0064 3500 6436 0064
3700 6438 0064 1400 6439 0064 3a00 643b
0064 3c00 643d 0064 3e00 643f 0064 4000
6441 0064 4200 6443 0064 4400 6445 0064
3a00 6446 0064 2300 6447 0064 4800 6445
0064 4900 644a 0064 4b00 644c 0064 4d00
6438 0064 4e00 644f 0064 0f00 6450 0064
5100 6452 0064 5300 641c 0064 3b00 6454
0064 5500 6456 0064 0e00 6457 0064 5800
6453 0064 5900 645a 0064 5b00 645c 0064
5d00 6407 0064 5a00 6416 0064 5b00 645e
0064 5f00 6460 0064 6100 6448 0064 6200
6463 0064 3b00 6407 0064 6400 6430 0064
4500 642a 0064 1000 6439 0064 5500 6465
0064 0900 6466 0064 6700 6468 0064 6900
6428 0064 6a00 641a 0064 5500 643e 0064
1700 645d 0064 6b00 646c 0064 6d00 646b
0064 6e00 6437 0064 6f00 6470 0064 5000
6438 0064 0f00 6471 0064 0800 6472 0064
7300 6415 0064 2f00 6474 0064 3d00 6475
0064 4300 6430 0064 0b00 6476 0064 7700
6478 0064 7900 647a 0064 7600 647b 0064
7c00 643c 0064 4500 647d 0064 7900 647e
0064 7f00 6480 0064 8100 6482 0064 8300
6484 0064 8500 6486 0064 7b00 6459 0064
2200 6420 0064 2600 6487 0064 4500 6488
0064 8900 6441 0064 7f00 6448 0064 8a00
6411 0064 8b00 648c 0064 8d00 648e 0064
0f00 647e 0064 1400 6460 0064 8f00 6490
0064 8a00 643a 0064 1400 6491 0064 2200
6479 0064 2d00 640f 0064 9200 6431 0064
0f00 6493 0064 9400 6466 0064 9500 6496
0064 9700 6498 0064 5800 643e 0064 8100
647d 0064 2900 646f 0064 4600 6499 0064
6800 6462 0064 4d00 649a 0064 9b00 6445
0064 7200 6480 0064 9c00 649d 0064 9e00
6475 0064 9f00 6434 0064 4300 645a 0064
2e00 64a0 0064 a100 64a2 0064 2d00 6474
0064 a300 644b 0064 0500 648a 0064 5000
6408 0064 a400 647a 0064 a500 64a6 0064
a000 640d 0064 7400 6417 0064 1000 6430
0064 a700 6419 0064 1300 64a8 0064 1500
6416 0064 8d00 6418 0064 1900 640a 0064
1b00 6493 0064 5100 641e 0064 8700 6458
0064 2000 6421 0064 a900 6410 0064 2300
648a 0064 2500 6426 0064 5000 6403 0064
2800 64aa 0064 2a00 642b 0064 2c00 642d
0064 2e00 644e 0064 3000 6431 0064 0600
6433 0064 3400 6419 0064 3600 6437 0064
4600 6414 0064 3900 64ab 0064 3b00 643c
0064 4900 643e 0064 3f00 644f 0064 4100
6442 0064 2e00 6444 0064 4500 6439 0064
4600 6423 0064 ac00 6448 0064 4500 6417
0064 4a00 644b 0064 0f00 644d 0064 3800
64ad 0064 4f00 640f 0064 1100 6451 0064
5200 6496 0064 1c00 643b 0064 ae00 6455
0064 5600 648d 0064 5700 6458 0064 1100
6459 0064 5a00 64af 0064 5c00 645d 0064
5300 645a 0064 1600 64b0 0064 5e00 645f
0064 8d00 6461 0064 4800 64b1 0064 6300
643b 0064 2400 6464 0064 3000 64b2 0064
2a00 6410 0064 b300 6455 0064 6500 64a2
0064 6600 6467 0064 6f00 6469 0064 2800
64b4 0064 1a00 6455 0064 b500 6417 0064
5d00 642d 0064 6c00 646d 0064 b600 646e
0064 3700 6468 0064 7000 6450 0064 5a00
640f 0064 7100 64b7 0064 7200 6473 0064
4800 642f 0064 7400 6423 0064 7500 6443
0064 8600 640b 0064 7600 6478 0064 7800
6479 0064 9e00 6476 0064 7b00 645d 0064
3c00 6445 0064 3500 6479 0064 7e00 6450
0064 8000 6481 0064 b800 6483 0064 8400
6415 0064 8600 647b 0064 3500 6422 0064
2000 64b4 0064 8700 6445 0064 b900 6489
0064 4100 6424 0064 4800 648a 0064 ba00
648b 0064 8c00 642f 0064 8e00 640f 0064
5f00 6414 0064 6000 6416 0064 9000 648a
0064 bb00 6414 0064 9100 6436 0064 7900
642d 0064 1600 6492 0064 3100 640d 0064
9300 6494 0064 2e00 6495 0064 9600 6490
0064 9800 6458 0064 9a00 6481 0064 7d00
640b 0064 6f00 6446 0064 bc00 6468 0064
6200 643d 0064 9a00 649b 0064 ad00 6472
0064 8000 6491 0064 9d00 649e 0064 bd00
649f 0064 3400 6438 0064 5a00 642e 0064
4500 64a1 0064 a200 6499 0064 7400 64a3
0064 6400 6405 0064 8a00 6481 0064 0800
64a4 0064 4200 64a5 0064 a600 6441 0064
0d00 6474 0064 bc00 6410 0064 3000 64ac
0064 1900 6413 0064 8400 6415 0064 1600
642f 0064 1800 6419 0064 7000 641b 0064
9300 6442 0064 1e00 6487 0064 7200 6420
0064 2100 6428 0064 1000 6423 0064 be00
6425 0064 2600 6440 0064 0300 6428 0064
a800 642a 0064 2b00 64bf 0064 2d00 642e
0064 c000 6430 0064 3100 649f 0064 3300
6434 0064 8b00 6436 0064 3700 6422 0064
1400 6439 0064 c100 643b 0064 3c00 64c2
0064 3e00 643f 0064 6d00 6441 0064 4200
64c3 0064 4400 6445 0064 0800 6446 0064
2300 640c 0064 4800 6445 0064 b000 644a
0064 4b00 64c4 0064 4d00 6438 0064 3700
644f 0064 0f00 6471 0064 5100 6452 0064
a800 641c 0064 3b00 64c5 0064 5500 6456
0064 c600 6457 0064 5800 64b7 0064 5900
645a 0064 7c00 645c 0064 5d00 6445 0064
5a00 6416 0064 c700 645e 0064 5f00 6438
0064 6100 6448 0064 7b00 6463 0064 3b00
648b 0064 6400 6430 0064 a500 642a 0064
1000 64c8 0064 5500 6465 0064 9500 6466
0064 6700 642d 0064 6900 6428 0064 8d00
641a 0064 5500 648e 0064 1700 645d 0064
2900 646c 0064 6d00 6471 0064 6e00 6437
0064 7700 6470 0064 5000 64a6 0064 0f00
6471 0064 c900 6472 0064 7300 6429 0064
2f00 6474 0064 4800 6475 0064 4300 64ca
0064 0b00 6476 0064 6500 6478 0064 7900
6460 0064 7600 647b 0064 1900 643c 0064
4500 6404 0064 7900 647e 0064 9300 6480
0064 8100 64b1 0064 8300 6484 0064 c200
6486 0064 7b00 64ab 0064 2200 6420 0064
7700 6487 0064 4500 64cb 0064 8900 6441
0064 7000 6448 0064 8a00 6423 0064 8b00
648c 0064 3d00 648e 0064 0f00 6442 0064
1400 6460 0064 4200 6490 0064 8a00 64cc
0064 1400 6491 0064 1600 6479 0064 2d00
6470 0064 9200 6431 0064 6200 6493 0064
9400 645f 0064 9500 6496 0064 cd00 6498
0064 5800 641d 0064 8100 647d 0064 2f00
646f 0064 4600 6410 0064 6800 6462 0064
4600 649a 0064 9b00 64ce 0064 7200 6480
0064 cf00 649d 0064 9e00 648b 0064 9f00
6434 0064 7200 645a 0064 2e00 6409 0064
a100 64a2 0064 d000 6474 0064 a300 649a
0064 0500 648a 0064 6800 6408 0064 a400
6436 0064 a500 64a6 0064 2a00 640d 0064
7400 647b 0064 1000 6430 0064 3a00 6419
0064 1300 645d 0064 1500 6416 0064 a000
6418 0064 1900 64d1 0064 1b00 6493 0064
3300 641e 0064 8700 64d2 0064 2000 6421
0064 1e00 6410 0064 2300 64d3 0064 2500
6426 0064 9900 6403 0064 2800 6431 0064
2a00 642b 0064 0200 642d 0064 2e00 649e
0064 3000 6431 0064 d400 6433 0064 3400
644e 0064 3600 6437 0064 d500 6414 0064
3900 64b4 0064 3b00 643c 0064 7a00 643e
0064 3f00 649f 0064 4100 6442 0064 3f00
6444 0064 4500 64af 0064 4600 6423 0064
ab00 6448 0064 4500 64d0 0064 4a00 644b
0064 9c00 644d 0064 3800 64d6 0064 4f00
640f 0064 d700 6451 0064 5200 6483 0064
1c00 643b 0064 d800 6455 0064 5600 6416
0064 5700 6458 0064 d900 6459 0064 5a00
64da 0064 5c00 645d 0064 cd00 645a 0064
1600 64db 0064 5e00 645f 0064 1600 6461
0064 4800 641e 0064 6300 643b 0064 4300
6464 0064 3000 64dc 0064 2a00 6410 0064
1c00 6455 0064 6500 6462 0064 6600 6467
0064 6300 6469 0064 2800 64c5 0064 1a00
6455 0064 5d00 6417 0064 5d00 646c 0064
6c00 646d 0064 1100 646e 0064 3700 6436
0064 7000 6450 0064 dd00 640f 0064 7100
64b2 0064 7200 6473 0064 1000 642f 0064
7400 64aa 0064 7500 6443 0064 de00 640b
0064 7600 645c 0064 7800 6479 0064 3f00
6476 0064 7b00 64c5 0064 3c00 6445 0064
7700 6479 0064 7e00 64df 0064 8000 6481
0064 2100 6483 0064 8400 64bd 0064 8600
647b 0064 9d00 6422 0064 2000 64e0 0064
8700 6445 0064 5300 6489 0064 4100 6483
0064 4800 648a 0064 8f00 648b 0064 8c00
64e1 0064 8e00 640f 0064 0e00 6414 0064
6000 64e2 0064 9000 648a 0064 e200 6414
0064 9100 6469 0064 7900 642d 0064 8f00
6492 0064 3100 64dc 0064 9300 6494 0064
ae00 6495 0064 9600 64c0 0064 9800 6458
0064 2200 6481 0064 7d00 6408 0064 6f00
6446 0064 9a00 6468 0064 6200 64b2 0064
9a00 649b 0064 3100 6472 0064 8000 64a6
0064 9d00 649e 0064 3400 649f 0064 3400
6415 0064 5a00 642e 0064 bf00 64a1 0064
a200 6499 0064 7400 64a3 0064 d400 6405
0064 8a00 6485 0064 0800 64a4 0064 5400
64a5 0064 a600 6480 0064 0d00 6474 0064
1c00 6410 0064 3000 6468 0064 1900 6413
0064 9400 6415 0064 1600 64b3 0064 1800
6419 0064 c400 641b 0064 9300 64a3 0064
1e00 6487 0064 7f00 6420 0064 2100 648a
0064 1000 6423 0064 6600 6425 0064 2600
6408 0064 0300 6428 0064 b700 642a 0064
2b00 6412 0064 2d00 642e 0064 3c00 6430
0064 3100 6412 0064 3300 6434 0064 c100
6436 0064 3700 6446 0064 1400 6439 0064
6c00 643b 0064 3c00 6469 0064 3e00 643f
0064 8300 6441 0064 4200 6463 0064 4400
6445 0064 9c00 6446 0064 2300 64a4 0064
4800 6445 0064 3100 644a 0064 4b00 6409
0064 4d00 6438 0064 6f00 644f 0064 0f00
64bf 0064 5100 6452 0064 d200 641c 0064
3b00 64e3 0064 5500 6456 0064 7100 6457
0064 5800 64c8 0064 5900 645a 0064 5a00
645c 0064 5d00 64dc 0064 5a00 6416 0064
cc00 645e 0064 5f00 64e4 0064 6100 6448
0064 3800 6463 0064 3b00 6459 0064 6400
6430 0064 2500 642a 0064 1000 6443 0064
5500 6465 0064 2500 6466 0064 6700 64ba
0064 6900 6428 0064 4b00 641a 0064 5500
64b7 0064 1700 645d 0064 3600 646c 0064
6d00 6436 0064 6e00 6437 0064 e500 6470
0064 5000 641b 0064 0f00 6471 0064 2a00
6472 0064 7300 6463 0064 2f00 6474 0064
e600 6475 0064 4300 647e 0064 0b00 6476
0064 4300 6478 0064 7900 649f 0064 7600
647b 0064 4b00 643c 0064 4500 6494 0064
7900 647e 0064 1b00 6480 0064 8100 644d
0064 8300 6484 0064 3200 6486 0064 7b00
6446 0064 2200 6420 0064 af00 6487 0064
4500 64bc 0064 8900 6441 0064 7500 6448
0064 8a00 642a 0064 8b00 648c 0064 e700
648e 0064 0f00 64b3 0064 1400 6460 0064
a600 6490 0064 8a00 64d8 0064 1400 6491
0064 c600 6479 0064 2d00 642a 0064 9200
6431 0064 0e00 6493 0064 9400 64c6 0064
9500 6496 0064 2500 6498 0064 5800 6470
0064 8100 647d 0064 4400 646f 0064 4600
643f 0064 6800 6462 0064 b500 649a 0064
9b00 64d4 0064 7200 6480 0064 7500 649d
0064 9e00 64bd 0064 9f00 6434 0064 2e00
645a 0064 2e00 6435 0064 a100 64a2 0064
9c00 6474 0064 a300 6464 0064 0500 648a
0064 be00 6408 0064 a400 6453 0064 a500
64a6 0064 e800 640d 0064 7400 6462 0064
1000 6430 0064 b300 6419 0064 1300 64c2
0064 1500 6416 0064 3100 6418 0064 1900
6498 0064 1b00 6493 0064 b400 641e 0064
8700 64e9 0064 2000 6421 0064 ea00 6410
0064 2300 64a2 0064 2500 6426 0064 0900
6403 0064 2800 6457 0064 2a00 642b 0064
5800 642d 0064 2e00 649c 0064 3000 6431
0064 a600 6433 0064 3400 647a 0064 3600
6437 0064 7300 6414 0064 3900 6425 0064
3b00 643c 0064 7300 643e 0064 3f00 6487
0064 4100 6442 0064 2b00 6444 0064 4500
644e 0064 4600 6423 0064 5000 6448 0064
4500 6470 0064 4a00 644b 0064 d700 644d
0064 3800 6402 0064 4f00 640f 0064 7900
6451 0064 5200 641d 0064 1c00 643b 0064
e700 6455 0064 5600 6438 0064 5700 6458
0064 7300 6459 0064 5a00 642e 0064 5c00
645d 0064 e800 645a 0064 1600 6419 0064
5e00 645f 0064 b800 6461 0064 4800 64eb
0064 6300 643b 0064 0b00 6464 0064 3000
64ec 0064 2a00 6410 0064 ae00 6455 0064
6500 64a6 0064 6600 6467 0064 b700 6469
0064 2800 647e 0064 1a00 6455 0064 a900
6417 0064 5d00 6429 0064 6c00 646d 0064
2600 646e 0064 3700 6477 0064 7000 6450
0064 a600 640f 0064 7100 64c9 0064 7200
6473 0064 4800 642f 0064 7400 64a7 0064
7500 6443 0064 4700 640b 0064 7600 64ed
0064 7800 6479 0064 3c00 6476 0064 7b00
64ee 0064 3c00 6445 0064 e900 6479 0064
7e00 6493 0064 8000 6481 0064 2d00 6483
0064 8400 64c8 0064 8600 647b 0064 9000
6422 0064 2000 64a5 0064 8700 6445 0064
1800 6489 0064 4100 646e 0064 4800 648a
0064 4400 648b 0064 8c00 64ca 0064 8e00
640f 0064 7800 6414 0064 6000 64b2 0064
9000 648a 0064 3e00 6414 0064 9100 6472
0064 7900 642d 0064 6300 6492 0064 3100
64b7 0064 9300 6494 0064 be00 6495 0064
9600 64ed 0064 9800 6458 0064 cd00 6481
0064 7d00 64c9 0064 6f00 6446 0064 a300
6468 0064 6200 64d1 0064 9a00 649b 0064
1d00 6472 0064 8000 646c 0064 9d00 649e
0064 a400 649f 0064 3400 64a1 0064 5a00
642e 0064 db00 64a1 0064 a200 64ef 0064
7400 64a3 0064 ef00 6405 0064 8a00 64b1
0064 0800 64a4 0064 6500 64a5 0064 a600
645d 0064 0d00 6474 0064 5000 6410 0064
3000 649b 0064 1900 6413 0064 7a00 6415
0064 1600 64a6 0064 1800 6419 0064 8400
641b 0064 9300 64c0 0064 1e00 6487 0064
1700 6420 0064 2100 64b3 0064 1000 6423
0064 e600 6425 0064 2600 6429 0064 0300
6428 0064 2900 642a 0064 2b00 642c 0064
2d00 642e 0064 2f00 6430 0064 3100 64e6
0064 3300 6434 0064 d400 6436 0064 3700
6407 0064 1400 6439 0064 5500 643b 0064
3c00 64a9 0064 3e00 643f 0064 bc00 6441
0064 4200 642c 0064 4400 6445 0064 b000
6446 0064 2300 6447 0064 4800 6445 0064
4900 644a 0064 4b00 64f0 0064 4d00 6438
0064 d100 644f 0064 0f00 6411 0064 5100
6452 0064 d200 641c 0064 3b00 6415 0064
5500 6456 0064 cb00 6457 0064 5800 644f
0064 5900 645a 0064 5b00 645c 0064 5d00
6407 0064 5a00 6416 0064 d300 645e 0064
5f00 645f 0064 6100 6448 0064 e100 6463
0064 3b00 640b 0064 6400 6430 0064 4500
642a 0064 1000 6439 0064 5500 6465 0064
8700 6466 0064 6700 64c6 0064 6900 6428
0064 6a00 641a 0064 5500 6478 0064 1700
645d 0064 6b00 646c 0064 6d00 646b 0064
6e00 6437 0064 8c00 6470 0064 5000 648a
0064 0f00 6471 0064 0800 6472 0064 7300
6402 0064 2f00 6474 0064 1000 6475 0064
4300 64af 0064 0b00 6476 0064 0800 6478
0064 7900 6489 0064 7600 647b 0064 6900
643c 0064 4500 64ab 0064 7900 647e 0064
b900 6480 0064 8100 64db 0064 8300 6484
0064 b800 6486 0064 7b00 6455 0064 2200
6420 0064 a800 6487 0064 4500 6469 0064
8900 6441 0064 5000 6448 0064 8a00 6411
0064 8b00 648c 0064 7600 648e 0064 0f00
6495 0064 1400 6460 0064 dd00 6490 0064
8a00 64bd 0064 1400 6491 0064 af00 6479
0064 2d00 6418 0064 9200 6431 0064 1400
6493 0064 9400 64a0 0064 9500 6496 0064
9e00 6498 0064 5800 64dc 0064 8100 647d
0064 dc00 646f 0064 4600 6499 0064 6800
6462 0064 3b00 649a 0064 9b00 64b0 0064
7200 6480 0064 9c00 649d 0064 9e00 64c2
0064 9f00 6434 0064 2c00 645a 0064 2e00
641a 0064 a100 64a2 0064 4d00 6474 0064
a300 6493 0064 0500 648a 0064 8100 6408
0064 a400 6404 0064 a500 64a6 0064 ac00
640d 0064 7400 64f1 0064 1000 6430 0064
9900 6419 0064 1300 644a 0064 1500 6416
0064 f200 6418 0064 1900 6499 0064 1b00
6493 0064 5100 641e 0064 8700 648e 0064
2000 6421 0064 5100 6410 0064 2300 643b
0064 2500 6426 0064 2c00 6403 0064 7c00
642d 0064 af00 6453 0064 2500 642d 0064
2e00 6447 0064 3000 648e 0064 a800 6433
0064 3400 6427 0064 3600 6437 0064 5500
6414 0064 7900 64bd 0064 3b00 64f3 0064
b400 643e 0064 3800 6420 0064 4100 64de
0064 8f00 6444 0064 4500 6451 0064 4600
6423 0064 8800 6448 0064 4500 6431 0064
4a00 644b 0064 0500 644d 0064 3800 6482
0064 4f00 640f 0064 3300 6451 0064 5200
6424 0064 1c00 643b 0064 1e00 6455 0064
5600 64b8 0064 5700 6458 0064 3600 6459
0064 5a00 6498 0064 5c00 645d 0064 e300
645a 0064 1600 6498 0064 5e00 645f 0064
0e00 6461 0064 4800 641e 0064 6300 643b
0064 a500 6464 0064 3000 642f 0064 2a00
6410 0064 be00 6455 0064 6500 6453 0064
6600 6467 0064 9600 6469 0064 2800 644d
0064 1a00 6455 0064 7500 6417 0064 5d00
648d 0064 6c00 646d 0064 1000 646e 0064
3700 641e 0064 7000 6450 0064 5c00 640f
0064 7100 645f 0064 7200 6473 0064 f400
642f 0064 7400 6422 0064 7500 6443 0064
d400 640b 0064 7600 64f5 0064 7800 6479
0064 2000 6476 0064 7b00 64a9 0064 3c00
6445 0064 7a00 6479 0064 7e00 6474 0064
8000 6481 0064 5c00 6483 0064 8400 6448
0064 8600 647b 0064 1600 6422 0064 2000
6420 0064 8700 6445 0064 9a00 6489 0064
4100 642f 0064 4800 648a 0064 a100 648b
0064 8c00 6405 0064 8e00 640f 0064 9400
6414 0064 6000 6418 0064 9000 648a 0064
8c00 6414 0064 9100 646e 0064 7900 642d
0064 3f00 6492 0064 3100 6410 0064 9300
6494 0064 9b00 6495 0064 9600 6443 0064
9800 6458 0064 f600 6481 0064 7d00 64b7
0064 6f00 6446 0064 e000 6468 0064 6200
64ea 0064 9a00 649b 0064 b400 6472 0064
8000 64f7 0064 9d00 649e 0064 6f00 649f
0064 3400 6438 0064 5a00 642e 0064 8400
64a1 0064 a200 64bf 0064 7400 64a3 0064
a300 6405 0064 8a00 6468 0064 0800 64a4
0064 0d00 64a5 0064 a600 649d 0064 0d00
6474 0064 1500 6410 0064 3000 6481 0064
1900 6413 0064 6400 6415 0064 1600 6498
0064 1800 6419 0064 b600 641b 0064 9300
6430 0064 1e00 6487 0064 0500 6420 0064
2100 64e4 0064 1000 6423 0064 2100 6425
0064 2600 64f7 0064 0300 6428 0064 8f00
642a 0064 2b00 640a 0064 2d00 642e 0064
8200 6430 0064 3100 6403 0064 3300 6434
0064 0800 6436 0064 3700 6454 0064 1400
6439 0064 4a00 643b 0064 3c00 64b7 0064
3e00 643f 0064 1a00 6441 0064 4200 64cc
0064 4400 6445 0064 ac00 6446 0064 2300
6450 0064 4800 6445 0064 4200 644a 0064
4b00 6451 0064 4d00 6438 0064 8200 644f
0064 0f00 6483 0064 5100 6452 0064 ad00
641c 0064 3b00 6466 0064 5500 6456 0064
f800 6457 0064 5800 640c 0064 5900 645a
0064 eb00 645c 0064 5d00 64ee 0064 5a00
6416 0064 8b00 645e 0064 5f00 64ce 0064
6100 6448 0064 d600 6463 0064 3b00 64db
0064 6400 6430 0064 5000 642a 0064 1000
64b2 0064 5500 6465 0064 c400 6466 0064
6700 64d7 0064 6900 6428 0064 e300 641a
0064 5500 645d 0064 1700 645d 0064 c800
646c 0064 6d00 645c 0064 6e00 6437 0064
4700 6470 0064 5000 6452 0064 0f00 6471
0064 bd00 6472 0064 7300 6424 0064 2f00
6474 0064 0500 6475 0064 4300 640a 0064
0b00 6476 0064 cf00 6478 0064 7900 6442
0064 7600 647b 0064 f000 643c 0064 4500
6469 0064 7900 647e 0064 0700 6480 0064
8100 64f6 0064 8300 6484 0064 9400 6486
0064 7b00 64b8 0064 2200 6420 0064 eb00
6487 0064 4500 6481 0064 8900 6441 0064
7900 6448 0064 8a00 64b1 0064 8b00 648c
0064 6700 648e 0064 0f00 6419 0064 1400
6460 0064 b600 6490 0064 8a00 64e6 0064
1400 6491 0064 a500 6479 0064 2d00 6438
0064 9200 6431 0064 a500 6493 0064 9400
6472 0064 9500 6496 0064 5800 6498 0064
5800 64c7 0064 8100 647d 0064 f700 646f
0064 4600 6460 0064 6800 6462 0064 c200
649a 0064 9b00 6441 0064 7200 6480 0064
e600 649d 0064 9e00 649c 0064 9f00 6434
0064 1000 645a 0064 2e00 64d3 0064 a100
64a2 0064 5e00 6474 0064 a300 6442 0064
0500 648a 0064 9a00 6408 0064 a400 64d1
0064 a500 64a6 0064 6a00 640d 0064 7400
64d8 0064 1000 6430 0064 d800 6419 0064
1300 64d3 0064 1500 6416 0064 e700 6418
0064 1900 6461 0064 1b00 6493 0064 6e00
641e 0064 8700 644e 0064 2000 6421 0064
a700 6410 0064 2300 6407 0064 2500 6426
0064 8400 6403 0064 2800 641b 0064 2a00
642b 0064 8000 642d 0064 2e00 6476 0064
3000 6431 0064 f700 6433 0064 3400 6442
0064 3600 6437 0064 ae00 6414 0064 3900
64e3 0064 3b00 643c 0064 0b00 643e 0064
3f00 6497 0064 4100 6442 0064 5e00 6444
0064 4500 64b6 0064 4600 6423 0064 1e00
6448 0064 4500 640a 0064 4a00 644b 0064
6000 644d 0064 3800 644f 0064 4f00 640f
0064 3f00 6451 0064 5200 6479 0064 1c00
643b 0064 de00 6455 0064 5600 64b9 0064
5700 6458 0064 4400 6459 0064 5a00 64f9
0064 5c00 645d 0064 2400 645a 0064 1600
6406 0064 5e00 645f 0064 2b00 6461 0064
4800 64fa 0064 6300 643b 0064 d300 6464
0064 3000 6413 0064 2a00 6410 0064 0900
6455 0064 6500 641f 0064 6600 6467 0064
c900 6469 0064 2800 6456 0064 1a00 6455
0064 fb00 6417 0064 5d00 641f 0064 6c00
646d 0064 8300 646e 0064 3700 6417 0064
7000 6450 0064 8e00 640f 0064 7100 644c
0064 7200 6473 0064 5400 642f 0064 7400
6422 0064 7500 6443 0064 1900 640b 0064
7600 64ca 0064 7800 6479 0064 8200 6476
0064 7b00 64ae 0064 3c00 6445 0064 c900
6479 0064 7e00 64fa 0064 8000 6481 0064
6300 6483 0064 8400 6476 0064 8600 647b
0064 fc00 6422 0064 2000 6461 0064 8700
6445 0064 1200 6489 0064 4100 6483 0064
4800 648a 0064 2d00 648b 0064 8c00 64d8
0064 8e00 640f 0064 4900 6414 0064 6000
64ca 0064 9000 648a 0064 0500 6414 0064
9100 6461 0064 7900 642d 0064 1f00 6492
0064 3100 6470 0064 9300 6494 0064 8600
6495 0064 9600 6497 0064 9800 6458 0064
5600 6481 0064 7d00 64f4 0064 6f00 6446
0064 ca00 6468 0064 6200 6470 0064 9a00
649b 0064 b600 6472 0064 8000 644a 0064
9d00 649e 0064 4e00 649f 0064 3400 6490
0064 5a00 642e 0064 2400 64a1 0064 a200
64cb 0064 7400 64a3 0064 2200 6405 0064
8a00 6463 0064 0800 64a4 0064 3a00 64a5
0064 a600 6450 0064 0d00 6474 0064 8300
6410 0064 3000 6427 0064 1900 6413 0064
e700 6415 0064 1600 641a 0064 1800 6419
0064 2400 641b 0064 9300 64d2 0064 1e00
6487 0064 ba00 6420 0064 2100 6445 0064
1000 6423 0064 2d00 6425 0064 2600 64f9
0064 0300 6428 0064 0600 642a 0064 2b00
643c 0064 2d00 642e 0064 aa00 6430 0064
3100 648e 0064 3300 6434 0064 e000 6436
0064 3700 64c6 0064 1400 6439 0064 4700
643b 0064 3c00 6451 0064 3e00 643f 0064
a300 6441 0064 4200 6435 0064 4400 644b
0064 1000 6446 0064 2900 6422 0064 4800
6464 0064 3700 644a 0064 2c00 64fd 0064
4d00 6446 0064 8200 644f 0064 5100 64fe
0064 5100 6417 0064 8000 641c 0064 f300
6462 0064 5500 6492 0064 1a00 6429 0064
ff00 6471 0064 5900 642d 0064 1100 64a6
0064 6200 6467 0064 2600 64ad 0064 db00
6460 0064 aa00 6498 0064 4400 6473 0064
b500 6482 0064 9400 64c4 0064 dd00 643c
0064 3800 6463 0064 e800 64b3 0064 d600
64ff 0064 1e00 6466 0064 a800 64e7 0064
f600 64ab 0064 5c00 6482 0064 e600 64ab
0064 d000 6462 0064 d100 6405 0064 c500
6474 0064 c600 6431 0064 8400 6458 0064
8c00 64b2 0064 4100 64ed 0064 9800 647e
0064 4800 64b0 0064 0800 646d 0064 de00
6455 0064 1a00 64d6 0064 9d00 64eb 0064
0e00 64a6 0064 f600 642c 0064 7600 6449
0064 5400 643c 0064 4500 643e 0064 7900
6441 0064 3c00 64bb 0064 6f00 64e0 0064
bb00 6409 0064 9300 6491 0064 de00 64da
0064 7500 64c9 0064 f800 6448 0064 2000
6448 0064 e600 646d 0064 3a00 6473 0064
fe00 643e 0064 2b00 6498 0064 1b00 6400
0164 cf00 6464 0064 ee00 6483 0064 2f00
6490 0064 0600 64f4 0064 f500 6416 0064
eb00 64dd 0064 1700 6446 0064 6800 64f0
0064 5700 6493 0064 fb00 649f 0064 9500
6415 0064 bf00 6411 0064 3200 64ef 0064
8100 643f 0064 de00 6417 0064 6400 64d0
0064 6800 64a3 0064 0f00 649a 0064 ba00
647b 0064 b800 6412 0064 8800 649d 0064
4500 64ec 0064 2a00 64d2 0064 9f00 645a
0064 0b00 64d8 0064 a100 64d6 0064 8e00
64aa 0064 cb00 6404 0064 0500 6406 0064
3000 6401 0164 0900 640a 0064 a500 641a
0064 ee00 640d 0064 9900 640f 0064 4e00
649e 0064 0300 6419 0064 4700 6462 0064
1d00 64ad 0064 1700 6418 0064 d800 64df
0064 1b00 648b 0064 1d00 6424 0064 1700
641f 0064 2000 64ef 0064 e600 6432 0064
8200 64b3 0064 2500 6451 0064 6e00 6403
0064 ab00 649f 0064 fe00 64a9 0064 ad00
642d 0064 6300 6405 0064 4f00 64f0 0064
a500 6433 0064 9b00 6445 0064 3600 64cd
0064 d000 6479 0064 5300 647f 0064 3b00
644a 0064 f800 64d9 0064 7d00 64ca 0064
4100 649e 0064 bb00 6444 0064 9e00 648a
0064 ff00 6402 0064 9800 6448 0064 9e00
646d 0064 5900 64fd 0064 9e00 644d 0064
da00 64ed 0064 4f00 64cf 0064 0600 6401
0164 1700 649c 0064 1c00 6494 0064 8000
6460 0064 1f00 6489 0064 5700 647a 0064
2b00 6459 0064 2d00 64d3 0064 0f00 6499
0064 1c00 645a 0064 ad00 64e2 0064 a500
64aa 0064 3d00 6461 0064 9c00 6480 0064
6300 6494 0064 7500 6465 0064 6700 64d7
0064 2a00 64e8 0064 2100 64e8 0064 ff00
648c 0064 6600 642b 0064 7c00 6469 0064
ab00 6426 0064 eb00 64d7 0064 c000 6417
0064 6200 6435 0064 6800 64c5 0064 2300
646e 0064 c200 64c1 0064 7000 64b3 0064
b200 645c 0064 2100 643d 0064 7200 6448
0064 4a00 6432 0064 9900 64de 0064 7500
645a 0064 5400 640b 0064 7500 640e 0064
2500 6493 0064 5700 6476 0064 de00 64ec
0064 9000 649e 0064 0e00 6479 0064 c700
64dd 0064 8000 646f 0064 7200 64e5 0064
0101 64a1 0064 8600 64de 0064 d700 64a5
0064 2c00 64f8 0064 8700 64c8 0064 6c00
6489 0064 c200 643a 0064 b900 6439 0064
3e00 648b 0064 5400 6429 0064 6800 64cf
0064 0200 6414 0064 2000 64c4 0064 9000
6406 0064 f200 6479 0064 b000 6448 0064
7900 645a 0064 4600 648b 0064 f000 6457
0064 9300 64fb 0064 fe00 6495 0064 1500
64bf 0064 1100 6437 0064 ef00 6481 0064
3f00 64de 0064 ee00 6464 0064 d000 6468
0064 a300 6431 0064 9a00 64ba 0064 7b00
64b8 0064 e300 6488 0064 9d00 6445 0064
ec00 6477 0064 d200 649f 0064 5a00 640b
0064 1500 64a1 0064 d600 648e 0064 aa00
64d1 0064 0400 6405 0064 0600 6430 0064
fe00 6409 0064 0a00 64a5 0064 1a00 645d
0064 0d00 6499 0064 0f00 644e 0064 c800
6403 0064 1900 6447 0064 6200 64eb 0064
ad00 6417 0064 1800 64d8 0064 ad00 641b
0064 8b00 641d 0064 2400 6406 0064 1f00
6420 0064 ef00 64e6 0064 4000 6482 0064
b300 6425 0064 5100 64f9 0064 0300 64ab
0064 9f00 64fe 0064 d800 64ad 0064 2d00
6463 0064 0500 6438 0064 f000 64a5 0064
3300 649b 0064 df00 6436 0064 cd00 64d0
0064 7900 64b8 0064 7f00 643b 0064 4a00
64f8 0064 ad00 647d 0064 ca00 6441 0064
9e00 6460 0064 4400 649e 0064 8a00 64ff
0064 4700 6498 0064 4800 649e 0064 6d00
6415 0064 fd00 649e 0064 4d00 64da 0064
1700 644f 0064 cf00 6406 0064 0101 64a5
0064 9c00 641c 0064 9400 6480 0064 ca00
641f 0064 8900 6457 0064 7a00 64d7 0064
5900 642d 0064 d300 640f 0064 3600 641c
0064 5a00 64ad 0064 e200 64c3 0064 aa00
643d 0064 6100 649c 0064 ca00 6463 0064
9400 6475 0064 6500 6491 0064 d700 642a
0064 e800 6421 0064 4600 64ff 0064 8c00
6466 0064 2b00 64b5 0064 6900 64ab 0064
2600 64eb 0064 b200 64c0 0064 1700 6462
0064 3500 64b8 0064 c500 6423 0064 6e00
64c2 0064 e200 6470 0064 b300 64b2 0064
5c00 64d6 0064 3d00 6472 0064 4800 644a
0064 1500 6499 0064 de00 6475 0064 5a00
64b1 0064 0b00 6475 0064 0e00 6425 0064
1d00 6457 0064 7600 64de 0064 ec00 6432
0064 9e00 640e 0064 7900 64c7 0064 cf00
6480 0064 6f00 6472 0064 e500 6456 0064
a100 6486 0064 de00 64d7 0064 2800 642c
0064 f800 6487 0064 c800 6443 0064 8900
64c2 0064 3a00 64b9 0064 ae00 643e 0064
8b00 6454 0064 2900 642b 0064 cf00 6402
0064 1400 6420 0064 3500 6490 0064 0600
64f2 0064 7900 6409 0064 4800 6479 0064
5a00 6446 0064 d800 64f0 0064 5700 6493
0064 fb00 64bc 0064 9500 6415 0064 bf00
6411 0064 7600 64ef 0064 8100 643f 0064
de00 64c8 0064 6400 64d0 0064 6800 64a3
0064 5f00 649a 0064 ba00 647b 0064 b800
6402 0064 8800 649d 0064 4500 64ec 0064
f200 64d2 0064 9f00 645a 0064 0b00 64e1
0064 a100 64d6 0064 8e00 64aa 0064 e500
6404 0064 0500 6406 0064 3000 6421 0064
0900 640a 0064 a500 641a 0064 f600 640d
0064 9900 640f 0064 4e00 64c1 0064 0300
6419 0064 4700 6462 0064 c900 64ad 0064
1700 6418 0064 d800 64b2 0064 1b00 648b
0064 1d00 6424 0064 b000 641f 0064 2000
64ef 0064 e600 64c0 0064 8200 64b3 0064
2500 6451 0064 5800 6403 0064 ab00 649f
0064 fe00 6486 0064 ad00 642d 0064 6300
6405 0064 e500 64f0 0064 a500 6433 0064
9b00 64c0 0064 3600 64cd 0064 d000 6479
0064 7700 647f 0064 3b00 644a 0064 f800
6434 0064 7d00 64ca 0064 4100 649e 0064
0f00 6444 0064 9e00 648a 0064 ff00 649d
0064 9800 6448 0064 9e00 646d 0064 6600
64fd 0064 9e00 644d 0064 da00 64fe 0064
4f00 64cf 0064 0600 6401 0164 0001 649c
0064 1c00 6494 0064 8000 64e1 0064 1f00
6489 0064 5700 647a 0064 4a00 6459 0064
2d00 64d3 0064 0f00 642a 0064 1c00 645a
0064 ad00 64e2 0064 cb00 64aa 0064 3d00
6461 0064 9c00 64fb 0064 6300 6494 0064
7500 6465 0064 6b00 64d7 0064 2a00 64e8
0064 2100 641f 0064 ff00 648c 0064 6600
642b 0064 d200 6469 0064 ab00 6426 0064
eb00 649f 0064 c000 6417 0064 6200 6435
0064 0e00 64c5 0064 2300 646e 0064 c200
64bc 0064 7000 64b3 0064 b200 645c 0064
9800 643d 0064 7200 6448 0064 4a00 644e
0064 9900 64de 0064 7500 645a 0064 3e00
640b 0064 7500 640e 0064 2500 6410 0064
5700 6476 0064 de00 64ec 0064 d800 649e
0064 0e00 6479 0064 c700 64fb 0064 8000
646f 0064 7200 64e5 0064 5900 64a1 0064
8600 64de 0064 d700 64bf 0064 2c00 64f8
0064 8700 64c8 0064 0900 6489 0064 c200
643a 0064 b900 6496 0064 3e00 648b 0064
5400 6429 0064 2a00 64cf 0064 0200 6414
0064 2000 64d3 0064 9000 6406 0064 f200
6479 0064 2700 6448 0064 7900 645a 0064
4600 64d9 0064 f000 6457 0064 9300 64fb
0064 3100 6495 0064 1500 64bf 0064 1100
648d 0064 ef00 6481 0064 3f00 64de 0064
6d00 6464 0064 d000 6468 0064 a300 64cb
0064 9a00 64ba 0064 7b00 64b8 0064 c800
6488 0064 9d00 6445 0064 ec00 6442 0064
d200 649f 0064 5a00 640b 0064 a300 64a1
0064 d600 648e 0064 aa00 64bb 0064 0400
6405 0064 0600 6430 0064 f600 6409 0064
0a00 64a5 0064 1a00 64de 0064 0d00 6499
0064 0f00 644e 0064 a700 6403 0064 1900
6447 0064 6200 6470 0064 ad00 6417 0064
1800 64d8 0064 6000 641b 0064 8b00 641d
0064 2400 64c4 0064 1f00 6420 0064 ef00
64e6 0064 4500 6482 0064 b300 6425 0064
5100 644c 0064 0300 64ab 0064 9f00 64fe
0064 d600 64ad 0064 2d00 6463 0064 0500
643e 0064 f000 64a5 0064 3300 649b 0064
2400 6436 0064 cd00 64d0 0064 7900 644c
0064 7f00 643b 0064 4a00 64f8 0064 5c00
647d 0064 ca00 6441 0064 9e00 6437 0064
4400 649e 0064 8a00 64ff 0064 f900 6498
0064 4800 649e 0064 6d00 6424 0064 fd00
649e 0064 4d00 64da 0064 ff00 644f 0064
cf00 6406 0064 0101 6472 0064 9c00 641c
0064 9400 6480 0064 b800 641f 0064 8900
6457 0064 7a00 64af 0064 5900 642d 0064
d300 640f 0064 1300 641c 0064 5a00 64ad
0064 e200 64e4 0064 aa00 643d 0064 6100
649c 0064 bf00 6463 0064 9400 6475 0064
6500 6492 0064 d700 642a 0064 e800 6421
0064 2500 64ff 0064 8c00 6466 0064 2b00
640e 0064 6900 64ab 0064 2600 64eb 0064
4800 64c0 0064 1700 6462 0064 3500 647a
0064 c500 6423 0064 6e00 64c2 0064 5200
6470 0064 b300 64b2 0064 5c00 646a 0064
3d00 6472 0064 4800 644a 0064 1600 6499
0064 de00 6475 0064 5a00 649e 0064 0b00
6475 0064 0e00 6425 0064 4100 6457 0064
7600 64de 0064 ec00 64dd 0064 9e00 640e
0064 7900 64c7 0064 a600 6480 0064 6f00
6472 0064 e500 64f1 0064 a100 6486 0064
de00 64d7 0064 1c00 642c 0064 f800 6487
0064 c800 64e4 0064 8900 64c2 0064 3a00
64b9 0064 b100 643e 0064 8b00 6454 0064
2900 647d 0064 cf00 6402 0064 1400 6420
0064 d900 6490 0064 0600 64f2 0064 7900
6442 0064 4800 6479 0064 5a00 6446 0064
7900 64f0 0064 5700 6493 0064 fb00 64a7
0064 9500 6415 0064 bf00 6411 0064 3e00
64ef 0064 8100 643f 0064 de00 6419 0064
6400 64d0 0064 6800 64a3 0064 2a00 649a
0064 ba00 647b 0064 b800 6449 0064 8800
649d 0064 4500 64ec 0064 f700 64d2 0064
9f00 645a 0064 0b00 642a 0064 a100 64d6
0064 8e00 64aa 0064 d500 6404 0064 0500
6406 0064 3000 6441 0064 0900 640a 0064
a500 641a 0064 0f00 640d 0064 9900 640f
0064 4e00 64d2 0064 0300 6419 0064 4700
6462 0064 2100 64ad 0064 1700 6418 0064
d800 64eb 0064 1b00 648b 0064 1d00 6424
0064 8c00 641f 0064 2000 64ef 0064 e600
6468 0064 8200 64b3 0064 2500 6451 0064
5e00 6403 0064 ab00 649f 0064 fe00 64d2
0064 ad00 642d 0064 6300 6405 0064 2b00
64f0 0064 a500 6433 0064 9b00 64fe 0064
3600 64cd 0064 d000 6479 0064 4800 647f
0064 3b00 644a 0064 f800 64b6 0064 7d00
64ca 0064 4100 649e 0064 2400 6444 0064
9e00 648a 0064 ff00 6476 0064 9800 6448
0064 9e00 646d 0064 d400 64fd 0064 9e00
644d 0064 da00 644d 0064 4f00 64cf 0064
0600 6401 0164 6e00 649c 0064 1c00 6494
0064 8000 64c7 0064 1f00 6489 0064 5700
647a 0064 6c00 6459 0064 2d00 64d3 0064
1900 6462 0064 1c00 645a 0064 ad00 64e2
0064 c800 64aa 0064 3d00 6461 0064 9c00
644f 0064 6300 6494 0064 7500 6465 0064
5200 64d7 0064 2a00 64e8 0064 2100 64c3
0064 ff00 648c 0064 6600 642b 0064 1700
6469 0064 ab00 6426 0064 eb00 6445 0064
c000 6417 0064 6200 6435 0064 1900 64c5
0064 2300 646e 0064 c200 64e7 0064 7000
64b3 0064 b200 645c 0064 3600 643d 0064
7200 6448 0064 8400 641b 0064 9900 64de
0064 7500 645f 0064 8300 640b 0064 7500
640e 0064 5700 6432 0064 d000 6428 0064
eb00 6494 0064 8500 640a 0064 5600 6479
0064 0001 64d2 0064 f300 648b 0064 7e00
6483 0064 a100 64a1 0064 9100 647d 0064
6500 6422 0064 2c00 64f8 0064 8000 640a
0064 ee00 6489 0064 c200 643a 0064 b000
648c 0064 b000 648b 0064 5400 646c 0064
1700 64d8 0064 bc00 6414 0064 2f00 642f
0064 5f00 64e1 0064 9300 64e6 0064 7500
6448 0064 7900 645a 0064 1700 64cc 0064
4300 6465 0064 e300 643b 0064 b700 6495
0064 b500 6482 0064 c600 6458 0064 8b00
64df 0064 3f00 64bf 0064 6f00 6464 0064
a600 6468 0064 5d00 6425 0064 9a00 64ab
0064 7b00 6472 0064 f300 6488 0064 4f00
640e 0064 5000 649f 0064 d200 6449 0064
0200 6451 0064 c900 64e9 0064 a500 641f
0064 4400 64a9 0064 e800 6405 0064 0600
6407 0064 4200 6406 0064 dd00 6414 0064
6d00 641d 0064 bc00 644c 0064 5100 6410
0064 1100 6403 0064 2d00 649c 0064 0300
6415 0064 ad00 64b4 0064 1100 6436 0064
de00 6455 0064 8b00 64f2 0064 1e00 64bf
0064 1f00 64a2 0064 ef00 6429 0064 1000
6434 0064 b300 64c9 0064 5c00 64c4 0064
bb00 64d6 0064 2f00 645f 0064 3900 6491
0064 2d00 643e 0064 0e00 6476 0064 b700
641c 0064 3600 6453 0064 2000 64e4 0064
7d00 6405 0064 1400 64ab 0064 b500 6415
0064 2100 644c 0064 b000 6410 0064 9e00
6735 105a 0100 6402 015a 0200 6432 0064
3200 6602 005c 0200 5a03 005a 0400 6474
0064 0300 6404 0064 0500 6406 0064 0700
6408 0064 0900 640a 0064 a500 64eb 0064
0c00 640d 0064 9900 640f 0064 1000 6411
0064 0300 6419 0064 4700 6403 0064 1500
64ad 0064 1700 6418 0064 0200 64de 0064
1b00 648b 0064 1d00 641e 0064 ee00 641f
0064 2000 64ef 0064 4a00 6410 0064 8200
64b3 0064 2500 6401 0164 f200 6403 0064
ab00 649f 0064 2a00 6439 0064 ad00 642d
0064 6300 640e 0064 3000 64f0 0064 a500
6433 0064 d200 6420 0064 3600 64cd 0064
d000 6414 0064 2b00 647f 0064 3b00 644a
0064 7e00 643e 0064 7d00 64ca 0064 4100
64c8 0064 eb00 6444 0064 9e00 648a 0064
4600 6482 0064 9800 6448 0064 9e00 647d
0064 4a00 64fd 0064 9e00 644d 0064 d700
64de 0064 4f00 64cf 0064 0600 6451 0064
ae00 649c 0064 1c00 6494 0064 8700 6455
0064 1f00 6489 0064 5700 6404 0064 9500
6459 0064 2d00 64d3 0064 5c00 6462 0064
1c00 645a 0064 ad00 64d6 0064 5e00 64aa
0064 3d00 6461 0064 7300 6469 0064 6300
6494 0064 7500 6464 0064 1100 64d7 0064
2a00 64e8 0064 7500 6455 0064 ff00 648c
0064 6600 64a8 0064 d200 6469 0064 ab00
6426 0064 1a00 64e6 0064 c000 6417 0064
6200 641b 0064 6c00 64c5 0064 2300 646e
0064 cd00 6484 0064 7000 64b3 0064 b200
640f 0064 2400 643d 0064 7200 6448 0064
e600 642f 0064 9900 64de 0064 7500 6408
0064 d600 640b 0064 7500 640e 0064 7800
64b1 0064 5700 6476 0064 de00 6450 0064
3c00 649e 0064 0e00 6479 0064 0001 64d2
0064 8000 646f 0064 7200 6483 0064 a100
64a1 0064 8600 64de 0064 da00 6422 0064
2c00 64f8 0064 8700 649e 0064 4800 6489
0064 c200 643a 0064 4800 6406 0064 3e00
648b 0064 5400 646c 0064 8e00 64cf 0064
0200 6414 0064 2f00 642f 0064 9000 6406
0064 f200 6414 0064 be00 6448 0064 7900
645a 0064 ff00 6492 0064 f000 6457 0064
9300 643b 0064 b700 6495 0064 1500 64bf
0064 9800 6404 0064 ef00 6481 0064 3f00
64bf 0064 6f00 6464 0064 d000 6468 0064
5d00 6425 0064 9a00 64ba 0064 7b00 6472
0064 f300 6488 0064 9d00 6445 0064 5000
649f 0064 d200 649f 0064 5a00 6463 0064
4600 64a1 0064 d600 648e 0067 ff00 5a05
0078 6500 6503 0065 0600 6501 0083 0100
6b05 0072 e533 506e 0000 6504 0065 0600
6505 0083 0100 6b05 0072 0034 6432 005a
0400 6e00 0065 0200 6507 0065 0100 6503
0019 6505 0065 0400 1941 8301 0037 5a02
0065 0300 64ed 0037 5a03 0065 0400 64ed
0037 5a04 0071 cf33 5765 0000 6a08 0065
0200 8301 0064 0100 0455 6401 0053 2803
0100 0069 ffff ffff 4e69 ca00 0000 694c
0000 0069 c400 0000 69e4 0000 0069 3300
0000 6912 0000 0069 d000 0000 695e 0000
0069 9500 0000 69b8 0000 0069 fe00 0000
69ac 0000 0069 8d00 0000 69b3 0000 0069
a800 0000 691f 0000 0069 3f00 0000 6902
0000 0069 6c00 0000 693e 0000 0069 e500
0000 69f7 0000 0069 1e00 0000 69ae 0000
0069 d300 0000 6983 0000 0069 0b00 0000
6992 0000 0069 2900 0000 69e8 0000 0069
e300 0000 6970 0000 0069 7300 0000 69b0
0000 0069 4000 0000 6980 0000 0069 bf00
0000 6969 0000 0069 0e00 0000 698e 0000
0069 5b00 0000 6963 0000 0069 8700 0000
69dd 0000 0069 b500 0000 698a 0000 0069
7b00 0000 69a2 0000 0069 0000 0000 6934
0000 0069 2b00 0000 69ea 0000 0069 3500
0000 69c3 0000 0069 fc00 0000 6907 0000
0069 5800 0000 6922 0000 0069 1500 0000
69f5 0000 0069 2e00 0000 69c2 0000 0069
ed00 0000 69aa 0000 0069 ec00 0000 69b4
0000 0069 9700 0000 6985 0000 0069 fd00
0000 6966 0000 0069 4500 0000 69b7 0000
0069 7100 0000 6986 0000 0069 f300 0000
69bc 0000 0069 c100 0000 69af 0000 0069
2700 0000 69b2 0000 0069 1000 0000 695d
0000 0069 2300 0000 697c 0000 0069 8c00
0000 6984 0000 0069 a000 0000 69df 0000
0069 b900 0000 6962 0000 0069 da00 0000
6941 0000 0069 eb00 0000 69a4 0000 0069
ee00 0000 6996 0000 0069 2500 0000 69d1
0000 0069 9900 0000 69f0 0000 0069 ff00
0000 696e 0000 0069 5000 0000 6939 0000
0069 9f00 0000 69a1 0000 0069 e700 0000
69cf 0000 0069 7200 0000 6913 0000 0069
c500 0000 6924 0000 0069 f800 0000 6921
0000 0069 a900 0000 6919 0000 0069 7d00
0000 69a5 0000 0069 e900 0000 6905 0000
0069 ad00 0000 69b6 0000 0069 0d00 0000
69a6 0000 0069 f900 0000 6953 0000 0069
4900 0000 6977 0000 0069 d400 0000 697f
0000 0069 3000 0000 6979 0000 0069 1b00
0000 6920 0000 0069 7500 0000 699b 0000
0069 5700 0000 6967 0000 0069 4700 0000
69d5 0000 0069 9c00 0000 69be 0000 0069
c800 0000 697e 0000 0069 9a00 0000 6903
0000 0069 4600 0000 694a 0000 0069 5a00
0000 6982 0000 0069 7600 0000 69cd 0000
0069 6000 0000 6926 0000 0069 4800 0000
69dc 0000 0069 e100 0000 698b 0000 0069
bd00 0000 6954 0000 0069 1c00 0000 6928
0000 0069 3a00 0000 6908 0000 0069 de00
0000 6909 0000 0069 0a00 0000 6938 0000
0069 c000 0000 696a 0000 0069 3700 0000
6981 0000 0069 7400 0000 6959 0000 0069
2f00 0000 6961 0000 0069 d800 0000 6943
0000 0069 fb00 0000 6952 0000 0069 ef00
0000 69c7 0000 0069 9100 0000 692c 0000
0069 4200 0000 694d 0000 0069 c900 0000
6951 0000 0069 1a00 0000 69bb 0000 0069
0f00 0000 695c 0000 0069 ce00 0000 693c
0000 0069 6b00 0000 69ab 0000 0069 1700
0000 69f4 0000 0069 8800 0000 698f 0000
0069 e000 0000 69d9 0000 0069 f200 0000
69a7 0000 0069 9e00 0000 69d7 0000 0069
f600 0000 69e6 0000 0069 4f00 0000 697a
0000 0069 6500 0000 696f 0000 0069 7800
0000 6998 0000 0069 a300 0000 69cb 0000
0069 f100 0000 691d 0000 0069 3600 0000
69fa 0000 0069 d200 0000 695f 0000 0069
8900 0000 6956 0000 0069 1100 0000 6906
0000 0069 3100 0000 6916 0000 0069 1800
0000 692a 0000 0069 cc00 0000 693d 0000
0069 b100 0000 69ba 0000 0069 4e00 0000
6901 0000 0069 4400 0000 6914 0000 0069
c600 0000 690c 0000 0069 6d00 0000 692d
0000 0069 0400 0000 6993 0000 0069 3b00
0000 6955 0000 0069 9000 0000 69d6 0000
0069 6800 0000 694b 0000 0069 6400 0000
69e2 0000 0069 3200 0000 6994 0000 0069
9d00 0000 69db 0000 0074 0000 0000 2809
0000 0074 0700 0000 6d61 7273 6861 6c74
0100 0000 6474 0100 0000 6574 0100 0000
6974 0100 0000 6a74 0100 0000 6b74 0300
0000 6c65 6e74 0300 0000 6368 7274 0500
0000 6c6f 6164 7328 0000 0000 2800 0000
0028 0000 0000 7308 0000 003c 7363 7269
7074 3e74 0800 0000 3c6d 6f64 756c 653e
0100 0000 7380 0000 000c 01ff 00ff 00ff
00ff 00ff 00ff 00ff 00ff 00ff 00ff 00ff
00ff 00ff 00ff 00ff 00ff 00ff 00ff 00ff
00ff 00ff 00ff 00ff 00ff 00ff 00ff 00ff
00ff 00ff 00ff 00ff 00ff 00ff 00ff 00ff
00ff 00ff 00ff 00ff 00ff 00ff 00ff 00ff
00ff 00ff 00ff 00ff 00ff 00d5 0106 0112
01ff 00ff 00ff 0006 0103 0112 0004 0112
0009 011c 010a 010e 0128 0200 0000 7407
0000 006d 6172 7368 616c 7405 0000 006c
6f61 6473 2800 0000 0028 0000 0000 2800
0000 0073 0600 0000 6d6e 2e70 7965 7408
0000 003c 6d6f 6475 6c65 3e01 0000 0073
0200 0000 0c00 
