03f3 0d0a 214e 685b 6300 0000 0000 0000
0003 0000 0040 0000 0073 2100 0000 6400
0064 0100 6c00 005a 0000 6500 006a 0100
6402 0083 0100 6401 0004 5564 0100 5328
0300 0000 69ff ffff ff4e 741f 3a00 0063
0000 0000 0000 0000 1c10 0000 4000 0000
73fe 3300 0064 0000 6401 006c 0000 5a00
0064 0200 6403 0064 0400 6405 0064 0600
6407 0064 0800 6409 0064 0a00 640b 0064
0c00 640d 0064 0e00 640f 0064 1000 6411
0064 1200 6413 0064 1400 6415 0064 1600
6417 0064 1800 6419 0064 1a00 641b 0064
1c00 641d 0064 1e00 641f 0064 2000 6421
0064 2200 6423 0064 0c00 6424 0064 2500
6426 0064 1e00 6427 0064 2800 6429 0064
2a00 640d 0064 2b00 642c 0064 2d00 642e
0064 2f00 6430 0064 3100 6432 0064 3300
6434 0064 3500 6436 0064 3700 6438 0064
3900 643a 0064 2900 643b 0064 1200 643c
0064 3d00 6419 0064 3e00 643f 0064 4000
6441 0064 4200 6443 0064 1a00 6411 0064
4400 6445 0064 0b00 642f 0064 0e00 6446
0064 4700 6448 0064 4900 641b 0064 4a00
644b 0064 4c00 644d 0064 4e00 644f 0064
5000 6406 0064 5100 6452 0064 5300 6454
0064 0d00 6455 0064 5600 6457 0064 5800
6459 0064 0200 643f 0064 5a00 645b 0064
3f00 645c 0064 1e00 645d 0064 5600 645e
0064 5f00 6460 0064 6100 6462 0064 6300
6464 0064 6500 6438 0064 6600 6467 0064
1600 6468 0064 6900 646a 0064 6100 646b
0064 0f00 643d 0064 6c00 646d 0064 6e00
6437 0064 2500 646f 0064 4900 643b 0064
1400 6470 0064 3300 6471 0064 3600 646d
0064 7200 6473 0064 7400 645b 0064 7500
6430 0064 7600 6446 0064 7700 6478 0064
7900 647a 0064 7b00 640e 0064 7600 644f
0064 7c00 647b 0064 1c00 6440 0064 7d00
6411 0064 0e00 647e 0064 7f00 6480 0064
8100 6482 0064 8300 6428 0064 2600 6484
0064 6500 6478 0064 8500 6486 0064 8700
6480 0064 8200 643e 0064 8300 647a 0064
5100 6488 0064 2500 642f 0064 2500 6466
0064 8900 644d 0064 8a00 648b 0064 5200
642c 0064 8c00 646d 0064 1b00 6467 0064
6a00 648d 0064 8e00 648f 0064 0900 6410
0064 4800 6490 0064 7e00 6491 0064 9200
6493 0064 9400 6495 0064 0b00 6426 0064
8a00 640a 0064 9600 643e 0064 9700 6436
0064 9800 6499 0064 2800 6451 0064 3b00
6462 0064 9a00 649b 0064 1e00 6435 0064
3000 648d 0064 4c00 6495 0064 9c00 649d
0064 9e00 649f 0064 a000 64a1 0064 a200
64a3 0064 2d00 645a 0064 8800 64a4 0064
9d00 64a5 0064 3f00 6490 0064 9400 6434
0064 1700 6462 0064 0500 64a6 0064 9000
6408 0064 9a00 6423 0064 a700 64a1 0064
1500 640e 0064 6f00 649d 0064 1100 6443
0064 0f00 6459 0064 0400 644d 0064 1700
6418 0064 9100 641a 0064 1b00 6466 0064
1d00 64a8 0064 1a00 6420 0064 3a00 6457
0064 2300 640c 0064 1100 6425 0064 2600
6463 0064 2700 6428 0064 9900 642a 0064
0d00 64a9 0064 2c00 642d 0064 aa00 642f
0064 3000 6433 0064 3200 6433 0064 2900
6435 0064 3600 643f 0064 3800 6439 0064
9100 6429 0064 3b00 64ab 0064 3c00 643d
0064 ac00 643e 0064 3f00 6440 0064 4100
6442 0064 7e00 641a 0064 1100 644a 0064
4500 640b 0064 3c00 640e 0064 4600 6407
0064 4800 6449 0064 ab00 644a 0064 4b00
64ad 0064 4d00 644e 0064 2400 6450 0064
0600 6466 0064 5200 6453 0064 7500 640d
0064 5500 64ae 0064 5700 6458 0064 0500
6402 0064 3f00 64af 0064 5b00 643f 0064
3a00 641e 0064 5d00 6404 0064 5e00 645f
0064 9c00 6461 0064 6200 6445 0064 6400
6465 0064 4800 6466 0064 6700 640d 0064
6800 6469 0064 b000 6461 0064 6b00 64b1
0064 3d00 646c 0064 ad00 646e 0064 3700
64b2 0064 6f00 6449 0064 3200 6414 0064
7000 64b3 0064 7100 6436 0064 9300 6472
0064 7300 64b4 0064 5b00 6475 0064 3800
6476 0064 4600 644b 0064 7800 6479 0064
b500 647b 0064 0e00 643a 0064 4f00 647c
0064 7600 641c 0064 4000 6443 0064 1100
640e 0064 9b00 647f 0064 8000 6410 0064
8200 6483 0064 5a00 6426 0064 8400 648a
0064 7800 6485 0064 b600 6487 0064 8000
64ac 0064 3e00 6483 0064 b700 6451 0064
8800 64b8 0064 2f00 6425 0064 0500 6489
0064 4d00 6491 0064 8b00 6452 0064 6e00
648c 0064 6d00 6442 0064 6700 646a 0064
9000 648e 0064 8f00 6450 0064 1000 6448
0064 0700 647e 0064 9100 6435 0064 9300
6494 0064 9900 640b 0064 2600 64b9 0064
0a00 6496 0064 5100 6497 0064 3600 643c
0064 9900 6428 0064 0e00 643b 0064 6200
6452 0064 9b00 641e 0064 1800 6430 0064
8d00 642b 0064 9500 649c 0064 8800 649e
0064 9f00 642c 0064 a100 64a2 0064 0700
642d 0064 5a00 641a 0064 a400 649d 0064
ba00 643f 0064 9000 64bb 0064 3400 6417
0064 a300 6405 0064 a600 64bc 0064 0800
649a 0064 bd00 64a7 0064 a100 6456 0064
0e00 646f 0064 be00 6411 0064 4300 64bf
0064 5900 6404 0064 0d00 6417 0064 1800
6485 0064 1a00 641b 0064 0a00 641d 0064
a800 642d 0064 2000 643a 0064 1a00 6423
0064 0c00 6403 0064 2500 6426 0064 9500
6427 0064 2800 64ba 0064 2a00 640d 0064
4d00 642c 0064 2d00 646a 0064 2f00 6430
0064 2700 6432 0064 3300 647b 0064 3500
6436 0064 c000 6438 0064 3900 64c1 0064
2900 643b 0064 4100 643c 0064 3d00 6496
0064 3e00 643f 0064 c200 6441 0064 4200
64c3 0064 1a00 6411 0064 c400 6445 0064
0b00 6449 0064 0e00 6446 0064 c500 6448
0064 4900 64c6 0064 4a00 644b 0064 b700
644d 0064 4e00 64b7 0064 5000 6406 0064
c700 6452 0064 5300 641e 0064 0d00 6455
0064 4100 6457 0064 5800 6470 0064 0200
643f 0064 9a00 645b 0064 3f00 6469 0064
1e00 645d 0064 7300 645e 0064 5f00 6478
0064 6100 6462 0064 4100 6464 0064 6500
6407 0064 6600 6467 0064 b600 6468 0064
6900 6434 0064 6100 646b 0064 5d00 643d
0064 6c00 6439 0064 6e00 6437 0064 8b00
646f 0064 4900 64bf 0064 1400 6470 0064
4800 6471 0064 3600 64c8 0064 7200 6473
0064 8800 645b 0064 7500 6461 0064 7600
6446 0064 5200 6478 0064 7900 6431 0064
7b00 640e 0064 4a00 644f 0064 7c00 6444
0064 1c00 6440 0064 c000 6411 0064 0e00
6411 0064 7f00 6480 0064 4800 6482 0064
8300 6459 0064 2600 6484 0064 0400 6478
0064 8500 64c2 0064 8700 6480 0064 5200
643e 0064 8300 6495 0064 5100 6488 0064
6d00 642f 0064 2500 64c9 0064 8900 644d
0064 2b00 648b 0064 5200 64c7 0064 8c00
646d 0064 9a00 6467 0064 6a00 64c1 0064
8e00 648f 0064 a700 6410 0064 4800 6489
0064 7e00 6491 0064 1600 6493 0064 9400
6483 0064 0b00 6426 0064 4e00 640a 0064
9600 6412 0064 9700 6436 0064 3200 6499
0064 2800 64c3 0064 3b00 6462 0064 0b00
649b 0064 1e00 6480 0064 3000 648d 0064
ca00 6495 0064 9c00 64cb 0064 9e00 649f
0064 9500 64a1 0064 a200 643d 0064 2d00
645a 0064 6400 64a4 0064 9d00 6495 0064
3f00 6490 0064 9a00 6434 0064 1700 6414
0064 0500 64a6 0064 7d00 6408 0064 9a00
6482 0064 a700 64a1 0064 c200 640e 0064
6f00 642f 0064 1100 6443 0064 9800 6459
0064 0400 6438 0064 1700 6418 0064 5f00
641a 0064 1b00 64cc 0064 1d00 64a8 0064
5300 6420 0064 3a00 6417 0064 2300 640c
0064 cd00 6425 0064 2600 6439 0064 2700
6428 0064 4c00 642a 0064 0d00 641f 0064
2c00 642d 0064 b300 642f 0064 3000 6416
0064 3200 6433 0064 5b00 6435 0064 3600
64ce 0064 3800 6439 0064 1f00 6429 0064
3b00 64c9 0064 3c00 643d 0064 4100 643e
0064 3f00 640a 0064 4100 6442 0064 3100
641a 0064 1100 64cf 0064 4500 640b 0064
d000 640e 0064 4600 649d 0064 4800 6449
0064 d100 644a 0064 4b00 643a 0064 4d00
644e 0064 1900 6450 0064 0600 64d2 0064
5200 6453 0064 d300 640d 0064 5500 649a
0064 5700 6458 0064 d400 6402 0064 3f00
64ce 0064 5b00 643f 0064 d500 641e 0064
5d00 6487 0064 5e00 645f 0064 4400 6461
0064 6200 644f 0064 6400 6465 0064 4400
6466 0064 6700 643b 0064 6800 6469 0064
4200 6461 0064 6b00 647b 0064 3d00 646c
0064 3c00 646e 0064 3700 6448 0064 6f00
6449 0064 d600 6414 0064 7000 6435 0064
7100 6436 0064 bb00 6472 0064 7300 6435
0064 5b00 6475 0064 7300 6476 0064 4600
64cf 0064 7800 6479 0064 1f00 647b 0064
0e00 647f 0064 4f00 647c 0064 d700 641c
0064 4000 6433 0064 1100 640e 0064 8900
647f 0064 8000 6420 0064 8200 6483 0064
6500 6426 0064 8400 6452 0064 7800 6485
0064 5100 6487 0064 8000 6466 0064 3e00
6483 0064 7900 6451 0064 8800 642b 0064
2f00 6425 0064 d800 6489 0064 4d00 6456
0064 8b00 6452 0064 2000 648c 0064 6d00
64d9 0064 6700 646a 0064 8b00 648e 0064
8f00 6473 0064 1000 6448 0064 7600 647e
0064 9100 6408 0064 9300 6494 0064 5600
640b 0064 2600 6430 0064 0a00 6496 0064
3400 6497 0064 3600 646f 0064 9900 6428
0064 2500 643b 0064 6200 64da 0064 9b00
641e 0064 9c00 6430 0064 8d00 6471 0064
9500 649c 0064 5600 649e 0064 9f00 64cf
0064 a100 64a2 0064 db00 642d 0064 5a00
647a 0064 a400 649d 0064 b700 643f 0064
9000 6423 0064 3400 6417 0064 6500 6405
0064 a600 64cb 0064 0800 649a 0064 9f00
64a7 0064 a100 6499 0064 0e00 646f 0064
3d00 6411 0064 4300 6445 0064 5900 6404
0064 7300 6417 0064 1800 647a 0064 1a00
641b 0064 d900 641d 0064 a800 64ce 0064
2000 643a 0064 dc00 6423 0064 0c00 6460
0064 2500 6426 0064 b200 6427 0064 2800
640d 0064 2a00 640d 0064 4b00 642c 0064
2d00 6430 0064 2f00 6430 0064 db00 6432
0064 3300 64d5 0064 3500 6436 0064 2a00
6438 0064 3900 6437 0064 2900 643b 0064
6c00 643c 0064 3d00 647a 0064 3e00 643f
0064 4000 6441 0064 4200 648a 0064 1a00
6411 0064 7900 6445 0064 0b00 6466 0064
0e00 6446 0064 dd00 6448 0064 4900 64a4
0064 4a00 644b 0064 b700 644d 0064 4e00
6424 0064 5000 6406 0064 d600 6452 0064
5300 645f 0064 0d00 6455 0064 5f00 6457
0064 5800 6418 0064 0200 643f 0064 de00
645b 0064 3f00 64df 0064 1e00 645d 0064
0200 645e 0064 5f00 6433 0064 6100 6462
0064 cc00 6464 0064 6500 64c3 0064 6600
6467 0064 6100 6468 0064 6900 643f 0064
6100 646b 0064 7b00 643d 0064 6c00 642c
0064 6e00 6437 0064 1e00 646f 0064 4900
641a 0064 1400 6470 0064 8900 6471 0064
3600 64d2 0064 7200 6473 0064 d600 645b
0064 7500 6489 0064 7600 6446 0064 9000
6478 0064 7900 64bd 0064 7b00 640e 0064
6800 644f 0064 7c00 64e0 0064 1c00 6440
0064 8700 6411 0064 0e00 6418 0064 7f00
6480 0064 e100 6482 0064 8300 64e2 0064
2600 6484 0064 a400 6478 0064 8500 6484
0064 8700 6480 0064 7200 643e 0064 8300
6451 0064 5100 6488 0064 4000 642f 0064
2500 642e 0064 8900 644d 0064 e300 648b
0064 5200 649d 0064 8c00 646d 0064 ae00
6467 0064 6a00 646d 0064 8e00 648f 0064
d200 6410 0064 4800 64b4 0064 7e00 6491
0064 c500 6493 0064 9400 6468 0064 0b00
6426 0064 e300 640a 0064 9600 64e4 0064
9700 6436 0064 0700 6499 0064 2800 64c0
0064 3b00 6462 0064 e500 649b 0064 1e00
6405 0064 3000 648d 0064 d500 6495 0064
9c00 6466 0064 9e00 649f 0064 b000 64a1
0064 a200 6465 0064 2d00 645a 0064 5600
64a4 0064 9d00 64ba 0064 3f00 6490 0064
bb00 6434 0064 1700 64a3 0064 0500 64a6
0064 3c00 6408 0064 9a00 64e6 0064 a700
64a1 0064 9000 640e 0064 6f00 64af 0064
1100 6443 0064 4600 6459 0064 0400 64de
0064 1700 6418 0064 bd00 641a 0064 1b00
64a1 0064 1d00 64a8 0064 d500 6420 0064
3a00 64e7 0064 2300 640c 0064 0500 6425
0064 2600 6462 0064 2700 6428 0064 c600
642a 0064 0d00 64e8 0064 2c00 642d 0064
c900 642f 0064 3000 64e9 0064 3200 6433
0064 db00 6435 0064 3600 641c 0064 3800
6439 0064 ea00 6429 0064 3b00 64e5 0064
3c00 643d 0064 c100 643e 0064 3f00 640a
0064 4100 6442 0064 3d00 641a 0064 1100
64a7 0064 4500 640b 0064 e000 640e 0064
4600 645a 0064 4800 6449 0064 5000 644a
0064 4b00 6469 0064 4d00 644e 0064 3e00
6450 0064 0600 64a3 0064 5200 6453 0064
eb00 640d 0064 5500 64e0 0064 5700 6458
0064 db00 6402 0064 3f00 64ec 0064 5b00
643f 0064 0800 641e 0064 5d00 64a9 0064
5e00 645f 0064 4400 6461 0064 6200 643f
0064 6400 6465 0064 8500 6466 0064 6700
6451 0064 6800 6469 0064 b000 6461 0064
6b00 6441 0064 3d00 646c 0064 6a00 646e
0064 3700 647b 0064 6f00 6449 0064 1900
6414 0064 7000 64bb 0064 7100 6436 0064
c900 6472 0064 7300 64ea 0064 5b00 6475
0064 9e00 6476 0064 4600 6431 0064 7800
6479 0064 bc00 647b 0064 0e00 64e6 0064
4f00 647c 0064 ed00 641c 0064 4000 64c1
0064 1100 640e 0064 4d00 647f 0064 8000
645b 0064 8200 6483 0064 8300 6426 0064
8400 6440 0064 7800 6485 0064 a900 6487
0064 8000 642d 0064 3e00 6483 0064 6500
6451 0064 8800 6426 0064 2f00 6425 0064
4c00 6489 0064 4d00 64ce 0064 8b00 6452
0064 c800 648c 0064 6d00 64b3 0064 6700
646a 0064 6200 648e 0064 8f00 6420 0064
1000 6448 0064 db00 647e 0064 9100 649d
0064 9300 6494 0064 1a00 640b 0064 2600
6491 0064 0a00 6496 0064 2000 6497 0064
3600 6489 0064 9900 6428 0064 6400 643b
0064 6200 6416 0064 9b00 641e 0064 4800
6430 0064 8d00 64e1 0064 9500 649c 0064
c500 649e 0064 9f00 64ab 0064 a100 64a2
0064 3d00 642d 0064 5a00 6479 0064 a400
649d 0064 d200 643f 0064 9000 647e 0064
3400 6417 0064 2100 6405 0064 a600 641b
0064 0800 649a 0064 7300 64a7 0064 a100
64cd 0064 0e00 646f 0064 9400 6411 0064
4300 643f 0064 5900 6404 0064 ee00 6417
0064 1800 64b4 0064 1a00 641b 0064 7e00
641d 0064 a800 6456 0064 2000 643a 0064
0300 6423 0064 0c00 6424 0064 2500 6426
0064 8200 6427 0064 2800 64cf 0064 2a00
640d 0064 5700 642c 0064 2d00 64ef 0064
2f00 6430 0064 8600 6432 0064 3300 641d
0064 3500 6436 0064 3700 6438 0064 3900
643a 0064 2900 643b 0064 f000 643c 0064
3d00 645e 0064 3e00 643f 0064 e300 6441
0064 4200 645a 0064 1a00 6411 0064 9300
6445 0064 0b00 6451 0064 0e00 6446 0064
8e00 6448 0064 4900 6499 0064 4a00 644b
0064 b000 644d 0064 4e00 6406 0064 5000
6406 0064 5100 6452 0064 5300 6454 0064
0d00 6455 0064 a100 6457 0064 5800 6407
0064 0200 643f 0064 5a00 645b 0064 3f00
645c 0064 1e00 645d 0064 7100 645e 0064
5f00 6403 0064 6100 6462 0064 6300 6464
0064 6500 64f1 0064 6600 6467 0064 1600
6468 0064 6900 646a 0064 6100 646b 0064
2e00 643d 0064 6c00 640f 0064 6e00 6437
0064 2500 646f 0064 4900 64d1 0064 1400
6470 0064 3300 6471 0064 3600 648e 0064
7200 6473 0064 f000 645b 0064 7500 6459
0064 7600 6446 0064 2100 6478 0064 7900
647d 0064 7b00 640e 0064 df00 644f 0064
7c00 64f2 0064 1c00 6440 0064 1800 6411
0064 0e00 6491 0064 7f00 6480 0064 6700
6482 0064 8300 6472 0064 2600 6484 0064
3900 6478 0064 8500 6486 0064 8700 6480
0064 bd00 643e 0064 8300 64d6 0064 5100
6488 0064 d800 642f 0064 2500 6466 0064
8900 644d 0064 1000 648b 0064 5200 6414
0064 8c00 646d 0064 0300 6467 0064 6a00
64f0 0064 8e00 648f 0064 3800 6410 0064
4800 64f3 0064 7e00 6491 0064 2d00 6493
0064 9400 6495 0064 0b00 6426 0064 3e00
640a 0064 9600 64ca 0064 9700 6436 0064
9800 6499 0064 2800 6422 0064 3b00 6462
0064 4900 649b 0064 1e00 64d5 0064 3000
648d 0064 6700 6495 0064 9c00 64b9 0064
9e00 649f 0064 b700 64a1 0064 a200 6435
0064 2d00 645a 0064 a900 64a4 0064 9d00
643b 0064 3f00 6490 0064 5300 6434 0064
1700 6428 0064 0500 64a6 0064 1c00 6408
0064 9a00 6426 0064 a700 64a1 0064 a800
640e 0064 6f00 6462 0064 1100 6443 0064
ae00 6459 0064 0400 6434 0064 1700 6418
0064 5d00 641a 0064 5600 6467 0064 0700
6484 0064 9a00 6420 0064 3a00 6413 0064
2300 641b 0064 2400 6425 0064 2600 6429
0064 2700 6428 0064 e500 642a 0064 f400
6475 0064 2c00 6423 0064 9000 642f 0064
8b00 6495 0064 3200 64cd 0064 bd00 6435
0064 3600 6475 0064 3800 6439 0064 af00
6429 0064 3b00 64ec 0064 3c00 643d 0064
8200 643e 0064 3f00 6449 0064 4100 6442
0064 9200 641a 0064 1100 643b 0064 4500
640b 0064 a700 640e 0064 4600 64a0 0064
4800 6449 0064 9300 644a 0064 4b00 6416
0064 4d00 644e 0064 a300 6450 0064 0600
64af 0064 5200 6453 0064 0900 640d 0064
5500 64eb 0064 5700 6458 0064 7100 6402
0064 3f00 64ac 0064 5b00 643f 0064 1d00
641e 0064 5d00 6421 0064 5e00 645f 0064
3000 6461 0064 6200 6461 0064 6400 6465
0064 5f00 6466 0064 6700 64b3 0064 6800
6469 0064 9d00 6461 0064 6b00 6447 0064
3d00 646c 0064 9100 646e 0064 3700 647e
0064 6f00 6449 0064 af00 6414 0064 7000
64d0 0064 7100 6436 0064 ef00 6472 0064
7300 64f5 0064 5b00 6475 0064 b200 6476
0064 4600 642d 0064 7800 6479 0064 9c00
647b 0064 0e00 6425 0064 4f00 647c 0064
9800 641c 0064 4000 64e6 0064 1100 640e
0064 9f00 647f 0064 8000 6486 0064 8200
6483 0064 be00 6426 0064 8400 64ba 0064
7800 6485 0064 bd00 6487 0064 8000 64c4
0064 3e00 6483 0064 e300 6451 0064 8800
6451 0064 2f00 6425 0064 3400 6489 0064
4d00 6434 0064 8b00 6452 0064 8600 648c
0064 6d00 6464 0064 6700 646a 0064 ef00
648e 0064 8f00 6433 0064 1000 6448 0064
e900 647e 0064 9100 648b 0064 9300 6494
0064 ec00 640b 0064 2600 6436 0064 0a00
6496 0064 4400 6497 0064 3600 6430 0064
9900 6428 0064 cd00 643b 0064 6200 645f
0064 9b00 641e 0064 1900 6430 0064 8d00
64ea 0064 9500 649c 0064 9200 649e 0064
9f00 64db 0064 a100 64a2 0064 b700 642d
0064 5a00 645c 0064 a400 649d 0064 ab00
643f 0064 9000 6442 0064 3400 6417 0064
f600 6405 0064 a600 6478 0064 0800 649a
0064 8f00 64a7 0064 a100 64d3 0064 0e00
646f 0064 2100 6411 0064 4300 6412 0064
5900 6404 0064 0f00 6417 0064 1800 6440
0064 1a00 641b 0064 5b00 641d 0064 a800
6479 0064 2000 643a 0064 f700 6423 0064
0c00 64ea 0064 2500 6426 0064 7d00 6427
0064 2800 64d1 0064 2a00 640d 0064 d300
642c 0064 2d00 64e6 0064 2f00 6430 0064
5f00 6432 0064 3300 6431 0064 3500 6436
0064 6200 6438 0064 3900 64f3 0064 2900
643b 0064 7500 643c 0064 3d00 64f5 0064
3e00 643f 0064 ca00 6441 0064 4200 642e
0064 1a00 6411 0064 4d00 6445 0064 0b00
6411 0064 0e00 6446 0064 eb00 6448 0064
4900 6452 0064 4a00 644b 0064 f800 644d
0064 4e00 64a3 0064 5000 6406 0064 c500
6452 0064 5300 64ee 0064 0d00 6455 0064
1700 6457 0064 5800 6441 0064 0200 643f
0064 e900 645b 0064 3f00 64d0 0064 1e00
645d 0064 a000 645e 0064 5f00 6426 0064
6100 6462 0064 8100 6464 0064 6500 646f
0064 6600 6467 0064 d500 6468 0064 6900
64a7 0064 6100 646b 0064 d400 643d 0064
6c00 6448 0064 6e00 6437 0064 0500 646f
0064 4900 642a 0064 1400 6470 0064 f700
6471 0064 3600 6406 0064 7200 6473 0064
d600 645b 0064 7500 6413 0064 7600 6446
0064 f900 6478 0064 7900 64b2 0064 7b00
640e 0064 e300 644f 0064 7c00 64b5 0064
1c00 6440 0064 ec00 6411 0064 0e00 6462
0064 7f00 6480 0064 5600 6482 0064 8300
6498 0064 2600 6484 0064 d900 6478 0064
8500 6402 0064 8700 6480 0064 8600 643e
0064 8300 6440 0064 5100 6488 0064 cf00
642f 0064 2500 6434 0064 8900 644d 0064
7400 648b 0064 5200 64b4 0064 8c00 646d
0064 fa00 6467 0064 6a00 6428 0064 8e00
648f 0064 a400 6410 0064 4800 64c2 0064
7e00 6491 0064 0f00 6493 0064 9400 6445
0064 0b00 6426 0064 ca00 640a 0064 9600
64a8 0064 9700 6436 0064 6800 6499 0064
2800 6495 0064 3b00 6462 0064 db00 649b
0064 1e00 64c4 0064 3000 648d 0064 2f00
6495 0064 9c00 64e3 0064 9e00 649f 0064
5400 64a1 0064 a200 6403 0064 2d00 645a
0064 7800 64a4 0064 9d00 646c 0064 3f00
6490 0064 c400 6434 0064 1700 64f1 0064
0500 64a6 0064 c700 6408 0064 9a00 6423
0064 a700 64a1 0064 4400 640e 0064 6f00
64bb 0064 1100 6443 0064 e900 6459 0064
0400 64a1 0064 1700 6418 0064 e800 641a
0064 1b00 6419 0064 1d00 64a8 0064 5a00
6420 0064 3a00 6472 0064 2300 640c 0064
9b00 6425 0064 2600 6408 0064 2700 6428
0064 af00 642a 0064 0d00 6407 0064 2c00
642d 0064 9e00 642f 0064 3000 64b8 0064
3200 6433 0064 2c00 6435 0064 3600 64ab
0064 3800 6439 0064 b100 6429 0064 3b00
645a 0064 3c00 643d 0064 2600 643e 0064
3f00 6417 0064 4100 6442 0064 2600 641a
0064 1100 6482 0064 4500 640b 0064 4e00
640e 0064 4600 6483 0064 4800 6449 0064
a200 644a 0064 4b00 6499 0064 4d00 644e
0064 4600 6450 0064 0600 6424 0064 5200
6453 0064 4c00 640d 0064 5500 6406 0064
5700 6458 0064 d200 6402 0064 3f00 64de
0064 5b00 643f 0064 ba00 641e 0064 5d00
64bb 0064 5e00 645f 0064 7500 6461 0064
6200 6499 0064 6400 6465 0064 8a00 6466
0064 6700 644a 0064 6800 6469 0064 5300
6461 0064 6b00 64b6 0064 3d00 646c 0064
b300 646e 0064 3700 64ac 0064 6f00 6449
0064 fb00 6414 0064 7000 6468 0064 7100
6436 0064 ee00 6472 0064 7300 6484 0064
5b00 6475 0064 5e00 6476 0064 4600 6480
0064 7800 6479 0064 ae00 647b 0064 0e00
647c 0064 4f00 647c 0064 ec00 641c 0064
4000 642d 0064 1100 640e 0064 b100 647f
0064 8000 64de 0064 8200 6483 0064 fc00
6426 0064 8400 64b6 0064 7800 6485 0064
9d00 6487 0064 8000 6471 0064 3e00 6483
0064 0400 6451 0064 8800 644d 0064 2f00
6425 0064 a600 6489 0064 4d00 6404 0064
8b00 6452 0064 9f00 648c 0064 6d00 644e
0064 6700 646a 0064 8600 648e 0064 8f00
6431 0064 1000 6448 0064 b800 647e 0064
9100 6459 0064 9300 6494 0064 da00 640b
0064 2600 646a 0064 0a00 6496 0064 0a00
6497 0064 3600 645a 0064 9900 6428 0064
8800 643b 0064 6200 6463 0064 9b00 641e
0064 1200 6430 0064 8d00 64af 0064 9500
649c 0064 bd00 649e 0064 9f00 640c 0064
a100 64a2 0064 5600 642d 0064 5a00 6446
0064 a400 649d 0064 4800 643f 0064 9000
6425 0064 3400 6417 0064 0b00 6405 0064
a600 64b0 0064 0800 649a 0064 6c00 64a7
0064 a100 640f 0064 0e00 646f 0064 d200
6411 0064 4300 6486 0064 5900 6404 0064
e900 6417 0064 1800 64dd 0064 1a00 641b
0064 0800 641d 0064 a800 649b 0064 2000
643a 0064 5700 6423 0064 0c00 645e 0064
2500 6426 0064 4000 6427 0064 2800 64b2
0064 2a00 640d 0064 7b00 642c 0064 2d00
6428 0064 2f00 6430 0064 8b00 6432 0064
3300 6407 0064 3500 64e0 0064 aa00 6438
0064 be00 64e0 0064 2900 64e1 0064 a900
643c 0064 6600 6428 0064 3e00 6457 0064
4900 6441 0064 de00 64aa 0064 1a00 64c0
0064 d800 6445 0064 6100 642a 0064 0e00
64d8 0064 b500 64fd 0064 2500 6440 0064
4a00 6495 0064 e900 6458 0064 b100 64c2
0064 3b00 64a6 0064 3700 648f 0064 ae00
64e5 0064 6f00 64a9 0064 ce00 64d8 0064
5f00 6426 0064 2200 64ed 0064 3c00 6421
0064 3e00 641e 0064 9800 649e 0064 7400
645e 0064 5800 6474 0064 0e00 64f4 0064
3300 641b 0064 d000 640f 0064 3d00 6402
0064 7d00 6455 0064 4700 649d 0064 6500
6490 0064 a100 645c 0064 b200 6464 0064
d600 646a 0064 4b00 640d 0064 1300 642d
0064 6c00 64d6 0064 1000 64d0 0064 cd00
6456 0064 3900 642e 0064 e600 64ee 0064
fe00 6483 0064 7600 64fa 0064 c400 6478
0064 7900 6444 0064 7b00 64a8 0064 d800
64ef 0064 0700 6446 0064 4400 64b8 0064
1600 6412 0064 2700 640d 0064 e000 64c8
0064 cd00 64c0 0064 f100 6429 0064 7a00
64e1 0064 2000 649b 0064 dc00 645f 0064
3b00 64ff 0064 bd00 6488 0064 e900 6418
0064 1f00 6424 0064 5500 642f 0064 7a00
6431 0064 c500 642a 0064 d700 6471 0064
d800 64d6 0064 5600 64ea 0064 b400 6467
0064 9900 6448 0064 8e00 647b 0064 4b00
64fb 0064 1100 6412 0064 7e00 64d8 0064
f900 648f 0064 1b00 6421 0064 0b00 64e1
0064 d300 640a 0064 d400 64ba 0064 1a00
6497 0064 ac00 6499 0064 dc00 649a 0064
9d00 64f4 0064 0001 649b 0064 7b00 6457
0064 3000 64d3 0064 d400 64cd 0064 7f00
643f 0064 9e00 6477 0064 fd00 6409 0064
8200 642e 0064 2d00 6471 0064 0900 64a4
0064 7300 64a6 0064 a500 64f0 0064 7500
6434 0064 0300 64aa 0064 1400 6406 0064
0700 6408 0064 5000 64d5 0064 a700 64ff
0064 0d00 64bd 0064 8700 6410 0064 1100
6412 0064 8d00 640b 0064 ef00 6416 0064
1700 64f1 0064 8f00 641a 0064 9400 648f
0064 de00 64c0 0064 1f00 6420 0064 b300
6473 0064 dd00 647d 0064 9e00 6425 0064
e100 6497 0064 2700 64dc 0064 8200 6429
0064 b500 646b 0064 2c00 646a 0064 5d00
6459 0064 4200 6432 0064 3200 6488 0064
7b00 6435 0064 e800 64cd 0064 4d00 6456
0064 8e00 6429 0064 a500 644f 0064 8600
6421 0064 9700 643e 0064 3b00 6401 0164
4100 6430 0064 c500 6497 0064 1900 645e
0064 4500 64bd 0064 fb00 64ed 0064 5900
6470 0064 4800 6412 0064 0001 644a 0064
9500 646e 0064 3800 6439 0064 0101 6450
0064 a600 64da 0064 3800 64ae 0064 4800
640d 0064 d400 64c9 0064 5700 645f 0064
ed00 6459 0064 dd00 64d5 0064 5b00 643e
0064 9f00 6496 0064 9e00 644f 0064 5e00
6430 0064 e700 6461 0064 f400 643b 0064
b200 64d2 0064 ef00 6466 0064 0200 6417
0064 2400 6447 0064 ba00 6461 0064 6e00
64d9 0064 3d00 642c 0064 6400 64f9 0064
3000 64f8 0064 6f00 6413 0064 c000 64ee
0064 b400 6410 0064 7100 6432 0064 e800
6472 0064 9d00 64e6 0064 4400 642d 0064
9c00 6476 0064 5900 64e8 0064 3d00 64f1
0064 8000 647b 0064 0b00 64a2 0064 4f00
6407 0064 5b00 649d 0064 6000 6449 0064
1100 6427 0064 d600 6488 0064 c200 64cd
0064 8200 6416 0064 a300 6426 0064 6300
6420 0064 8600 643a 0064 5f00 6487 0064
c200 6427 0064 7a00 64e9 0064 cc00 6451
0064 3300 6436 0064 2f00 647a 0064 7200
64b0 0064 d000 643c 0064 8b00 64a8 0064
d600 644d 0064 ea00 64b4 0064 6700 6499
0064 1300 648e 0064 7b00 644b 0064 fb00
648d 0064 1200 647e 0064 d800 64f9 0064
7b00 641b 0064 2100 640b 0064 e100 6481
0064 0a00 64d4 0064 ba00 641a 0064 1600
64ac 0064 9900 64dc 0064 9a00 642e 0064
f400 6400 0164 9b00 647b 0064 1e00 6430
0064 d300 64d4 0064 cd00 648a 0064 3f00
649e 0064 7700 64fd 0064 e700 6482 0064
2e00 642d 0064 7100 64e6 0064 a400 6473
0064 a600 64a5 0064 3f00 6475 0064 3400
6403 0064 aa00 64ab 0064 0600 6407 0064
0800 6450 0064 1300 64a7 0064 ff00 640d
0064 bd00 64d1 0064 1000 6411 0064 1200
648d 0064 3900 64ef 0064 1600 6417 0064
f100 643a 0064 1a00 6494 0064 8f00 64de
0064 9800 641f 0064 2000 64b3 0064 7300
64e5 0064 7d00 649e 0064 2500 64e1 0064
e700 6427 0064 dc00 6482 0064 2900 646c
0064 6b00 642c 0064 6a00 645d 0064 7c00
6442 0064 3200 6432 0064 8800 647f 0064
3500 64e8 0064 cd00 644d 0064 2000 648e
0064 2900 64a5 0064 4f00 64d8 0064 2100
6497 0064 3e00 643b 0064 ef00 6441 0064
3000 64c5 0064 9700 6463 0064 5e00 6445
0064 bd00 64fb 0064 5300 6459 0064 7000
6448 0064 1200 64f9 0064 4a00 6495 0064
6e00 6438 0064 7d00 6401 0164 5000 64a6
0064 da00 6437 0064 ae00 6448 0064 0d00
64d4 0064 0900 6457 0064 5f00 64ed 0064
5900 64cb 0064 d500 645b 0064 3e00 649f
0064 3800 649e 0064 4f00 645e 0064 3000
64c0 0064 6100 64f4 0064 3b00 64b2 0064
cd00 64ef 0064 6600 6402 0064 1700 64ec
0064 4700 64ba 0064 6100 646e 0064 1400
643d 0064 2c00 6464 0064 f900 644b 0064
f800 646f 0064 1300 64c0 0064 7300 64b4
0064 1000 6471 0064 3200 642d 0064 7200
649d 0064 e600 6444 0064 2a00 649c 0064
7600 6459 0064 e800 643e 0064 f100 6480
0064 7b00 640b 0064 f700 644f 0064 0700
645b 0064 9d00 641d 0064 4900 6411 0064
2700 64d6 0064 8000 64c2 0064 cd00 6482
0064 1600 6418 0064 2600 6463 0064 2000
6486 0064 8800 645f 0064 8700 64c2 0064
2700 6401 0164 e900 64cc 0064 5100 6433
0064 0300 642f 0064 7a00 6472 0064 b000
64cb 0064 3c00 648b 0064 a800 64d6 0064
1800 64ea 0064 b400 6467 0064 9900 64a9
0064 8e00 647b 0064 4b00 64fb 0064 3f00
6412 0064 7e00 64d8 0064 f900 64b4 0064
1b00 6421 0064 0b00 64e1 0064 6d00 640a
0064 d400 64ba 0064 1a00 6422 0064 ac00
6499 0064 dc00 649a 0064 0001 64f4 0064
0001 649b 0064 7b00 64b4 0064 3000 64d3
0064 d400 64cd 0064 a300 643f 0064 9e00
6477 0064 fd00 644b 0064 8200 642e 0064
2d00 6471 0064 df00 64a4 0064 7300 64a6
0064 a500 6428 0064 7500 6434 0064 0300
64aa 0064 8d00 6406 0064 0700 6408 0064
5000 64f5 0064 a700 64ff 0064 0d00 64bd
0064 5600 6410 0064 1100 6412 0064 8d00
64df 0064 ef00 6416 0064 1700 64f1 0064
6000 641a 0064 9400 648f 0064 de00 64e3
0064 1f00 6420 0064 b300 6473 0064 3400
647d 0064 9e00 6425 0064 e100 641c 0064
2700 64dc 0064 8200 6429 0064 ec00 646b
0064 2c00 646a 0064 5d00 64a0 0064 4200
6432 0064 3200 6488 0064 9e00 6435 0064
e800 64cd 0064 4d00 6487 0064 8e00 6429
0064 a500 644f 0064 9000 6421 0064 9700
643e 0064 3b00 6427 0064 4100 6430 0064
c500 6497 0064 7500 645e 0064 4500 64bd
0064 fb00 648b 0064 5900 6470 0064 4800
6412 0064 6200 644a 0064 9500 646e 0064
3800 64d8 0064 0101 6450 0064 a600 64da
0064 0300 64ae 0064 4800 640d 0064 d400
6448 0064 5700 645f 0064 ed00 6459 0064
3900 64d5 0064 5b00 643e 0064 9f00 646b
0064 9e00 644f 0064 5e00 6430 0064 b300
6461 0064 f400 643b 0064 b200 6435 0064
ef00 6466 0064 0200 6417 0064 f500 6447
0064 ba00 6461 0064 6e00 644c 0064 3d00
642c 0064 6400 64f9 0064 e200 64f8 0064
6f00 6413 0064 c000 6486 0064 b400 6410
0064 7100 6432 0064 df00 6472 0064 9d00
64e6 0064 4400 64c7 0064 9c00 6476 0064
5900 64e8 0064 8600 64f1 0064 8000 647b
0064 0b00 64a1 0064 4f00 6407 0064 5b00
649d 0064 cd00 6449 0064 1100 6427 0064
d600 646f 0064 c200 64cd 0064 8200 6416
0064 eb00 6426 0064 6300 6420 0064 8600
6465 0064 5f00 6487 0064 c200 6427 0064
7d00 64e9 0064 cc00 6451 0064 3300 6454
0064 2f00 647a 0064 7200 64b0 0064 2600
643c 0064 8b00 64a8 0064 d600 6473 0064
ea00 64b4 0064 6700 6499 0064 9900 648e
0064 7b00 644b 0064 fb00 64e7 0064 1200
647e 0064 d800 64f9 0064 1a00 641b 0064
2100 640b 0064 e100 64b6 0064 0a00 64d4
0064 ba00 641a 0064 4500 64ac 0064 9900
64dc 0064 9a00 6462 0064 f400 6400 0164
9b00 647b 0064 d100 6430 0064 d300 64d4
0064 cd00 64a2 0064 3f00 649e 0064 7700
64fd 0064 ef00 6482 0064 2e00 642d 0064
7100 64d8 0064 a400 6473 0064 a600 64a5
0064 cb00 6475 0064 3400 6403 0064 aa00
644a 0064 0600 6407 0064 0800 6450 0064
9500 64a7 0064 ff00 640d 0064 bd00 6492
0064 1000 6411 0064 1200 648d 0064 d500
64ef 0064 1600 6417 0064 f100 64a8 0064
1a00 6494 0064 8f00 64de 0064 d700 641f
0064 2000 64b3 0064 7300 64fc 0064 7d00
649e 0064 2500 64e1 0064 6800 6427 0064
dc00 6482 0064 2900 6419 0064 6b00 642c
0064 6a00 645d 0064 6000 6442 0064 3200
6432 0064 8800 644c 0064 3500 64e8 0064
cd00 644d 0064 e700 648e 0064 2900 64a5
0064 4f00 64d5 0064 2100 6497 0064 3e00
643b 0064 2600 6441 0064 3000 64c5 0064
9700 644d 0064 5e00 6445 0064 bd00 64fb
0064 a300 6459 0064 7000 6448 0064 1200
64d8 0064 4a00 6495 0064 6e00 6438 0064
9700 6401 0164 5000 64a6 0064 da00 64a0
0064 ae00 6448 0064 0d00 64d4 0064 0a00
6457 0064 5f00 64ed 0064 5900 64f2 0064
d500 645b 0064 3e00 649f 0064 6100 649e
0064 4f00 645e 0064 3000 6469 0064 6100
64f4 0064 3b00 64b2 0064 a300 64ef 0064
6600 6402 0064 1700 64bc 0064 4700 64ba
0064 6100 646e 0064 2e00 643d 0064 2c00
6464 0064 f900 64a2 0064 f800 646f 0064
1300 64c0 0064 1b00 64b4 0064 1000 6471
0064 3200 644b 0064 7200 649d 0064 e600
6444 0064 9600 649c 0064 7600 6459 0064
e800 64ba 0064 f100 6480 0064 7b00 640b
0064 4a00 644f 0064 0700 645b 0064 9d00
64fc 0064 4900 6411 0064 2700 64d6 0064
a900 64c2 0064 cd00 6482 0064 1600 645a
0064 2600 6463 0064 2000 6486 0064 b900
645f 0064 8700 64c2 0064 2700 6436 0064
e900 64cc 0064 5100 6433 0064 f700 642f
0064 7a00 6472 0064 b000 64df 0064 3c00
648b 0064 a800 64d6 0064 5400 64ea 0064
b400 6467 0064 9900 647f 0064 8e00 647b
0064 4b00 64fb 0064 de00 6412 0064 7e00
64d8 0064 f900 64c0 0064 1b00 6421 0064
0b00 64e1 0064 ac00 640a 0064 d400 64ba
0064 1a00 6473 0064 ac00 6499 0064 dc00
649a 0064 9e00 64f4 0064 0001 649b 0064
7b00 6485 0064 3000 64d3 0064 d400 64cd
0064 a700 643f 0064 9e00 6477 0064 fd00
6411 0064 8200 642e 0064 2d00 6471 0064
6c00 64a4 0064 7300 64a6 0064 a500 64b3
0064 7500 6434 0064 0300 64aa 0064 7a00
6406 0064 0700 6408 0064 5000 6437 0064
a700 64ff 0064 0d00 64bd 0064 9b00 6410
0064 1100 6412 0064 8d00 64b3 0064 ef00
6416 0064 1700 64f1 0064 a600 641a 0064
9400 648f 0064 de00 648e 0064 1f00 6420
0064 b300 6473 0064 0f00 647d 0064 9e00
6425 0064 e100 643a 0064 2700 64dc 0064
8200 6429 0064 8800 646b 0064 2c00 646a
0064 5d00 64ab 0064 4200 6432 0064 3200
6488 0064 f200 6435 0064 e800 64cd 0064
7400 6472 0064 8e00 6429 0064 a500 644f
0064 a800 6421 0064 9700 643e 0064 3b00
6483 0064 4100 6430 0064 c500 6497 0064
2100 645e 0064 4500 64bd 0064 fb00 64d2
0064 5900 6470 0064 4800 6412 0064 e800
644a 0064 9500 646e 0064 3800 6462 0064
0101 6450 0064 a600 64da 0064 f100 64ae
0064 4800 640d 0064 d400 64cf 0064 5700
645f 0064 ed00 6459 0064 0b00 64d5 0064
5b00 643e 0064 9f00 6465 0064 9e00 644f
0064 5e00 6430 0064 c900 6461 0064 f400
643b 0064 b200 647e 0064 ef00 6466 0064
0200 6417 0064 0001 6447 0064 ba00 6461
0064 6e00 645c 0064 3d00 642c 0064 6400
64eb 0064 e000 64f8 0064 6f00 6413 0064
2f00 6470 0064 b400 6410 0064 7100 64c4
0064 4200 6497 0064 0500 64f6 0064 5c00
645d 0064 7d00 6484 0064 5900 6432 0064
7800 6479 0064 0f00 6422 0064 2700 64f7
0064 4f00 64d3 0064 0600 648f 0064 4f00
6449 0064 1100 640b 0064 4e00 64b3 0064
c200 64cd 0064 8200 6475 0064 e800 64c1
0064 6300 6420 0064 7800 6400 0164 ce00
6444 0064 c200 640b 0064 3e00 646d 0064
5500 64a2 0064 7600 6468 0064 2f00 647a
0064 7200 64af 0064 b600 6427 0064 b100
647b 0064 0d00 648c 0064 ea00 64bb 0064
0b00 6471 0064 ae00 64a7 0064 3d00 644b
0064 1000 64cf 0064 1200 6442 0064 d800
646e 0064 9300 641b 0064 8f00 640b 0064
8100 641f 0064 0a00 646c 0064 7200 6497
0064 e800 64ac 0064 e300 64af 0064 e200
6471 0064 b400 642f 0064 4700 64e4 0064
2c00 646c 0064 d300 64d4 0064 9500 6474
0064 c700 6416 0064 9f00 6454 0064 d100
64c0 0064 1200 6402 0064 4a00 6428 0064
a400 64ee 0064 3700 643f 0064 2b00 6475
0064 bd00 6408 0064 9500 6405 0064 e700
6407 0064 8400 6409 0064 4e00 64a7 0064
6700 640d 0064 f400 64f6 0064 8d00 6443
0064 4000 64c8 0064 3e00 64fe 0064 3d00
6417 0064 8800 6419 0064 6c00 6494 0064
0001 645f 0064 0001 649a 0064 9d00 64b3
0064 a800 6473 0064 d700 649e 0064 7e00
64ac 0064 2f00 6434 0064 1000 64fb 0064
9800 64f6 0067 1c10 5a01 0064 0201 5a02
0064 d400 64d4 0066 0200 5c02 005a 0300
5a04 0064 3400 6403 0064 0400 6405 0064
0600 6407 0064 0800 6409 0064 0a00 64a7
0064 ff00 640d 0064 0e00 64f6 0064 1000
6411 0064 1200 64f8 0064 5900 64ef 0064
1600 6417 0064 ca00 6419 0064 1a00 6494
0064 8f00 641d 0064 5200 641f 0064 2000
64b3 0064 2200 6423 0064 7d00 649e 0064
2500 6481 0064 a200 6427 0064 dc00 6482
0064 2a00 648b 0064 6b00 642c 0064 6a00
6447 0064 2f00 6442 0064 3200 6432 0064
e200 6484 0064 3500 64e8 0064 cd00 6438
0064 7200 648e 0064 2900 64a5 0064 f500
643c 0064 2100 6497 0064 3e00 643e 0064
f500 6441 0064 3000 64c5 0064 1a00 64b7
0064 5e00 6445 0064 bd00 6410 0064 0e00
6459 0064 7000 6448 0064 1300 64b8 0064
4a00 6495 0064 6e00 644d 0064 b100 6401
0164 5000 64a6 0064 8a00 6452 0064 ae00
6448 0064 0d00 64a9 0064 a900 6457 0064
5f00 64ed 0064 0200 643e 0064 d500 645b
0064 3e00 64e4 0064 1e00 649e 0064 4f00
645e 0064 5800 6413 0064 6100 64f4 0064
3b00 6464 0064 d000 64ef 0064 6600 6402
0064 4c00 6468 0064 4700 64ba 0064 6100
64f9 0064 a100 643d 0064 2c00 6464 0064
6e00 6431 0064 f800 646f 0064 1300 64c6
0064 1400 64b4 0064 1000 6471 0064 e800
6456 0064 7200 649d 0064 e600 645b 0064
db00 649c 0064 7600 6459 0064 3200 6478
0064 f100 6480 0064 7b00 6427 0064 f700
644f 0064 0700 645b 0064 1c00 644f 0064
4900 6411 0064 2700 640d 0064 7f00 64c2
0064 cd00 6482 0064 e900 6429 0064 2600
6463 0064 2000 6478 0064 9800 645f 0064
8700 64c2 0064 0b00 643e 0064 e900 64cc
0064 5100 6457 0064 5500 642f 0064 7a00
6472 0064 8900 6460 0064 3c00 648b 0064
a800 640d 0064 8c00 64ea 0064 b400 6467
0064 2d00 6453 0064 8e00 647b 0064 4b00
6410 0064 cf00 6412 0064 7e00 64d8 0064
6e00 6493 0064 1b00 6421 0064 0b00 6481
0064 1f00 640a 0064 d400 64ba 0064 9700
64e8 0064 ac00 6499 0064 dc00 640a 0064
3b00 64f4 0064 0001 649b 0064 2300 6443
0064 3000 64d3 0064 d400 6495 0064 7e00
643f 0064 9e00 6477 0064 fe00 64a1 0064
8200 642e 0064 2d00 644a 0064 2800 64a4
0064 7300 64a6 0064 3f00 642b 0064 7500
67ff 005a 0500 7865 0065 0300 6506 0065
0100 8301 006b 0500 729a 3350 6e00 0065
0400 6506 0065 0500 8301 006b 0500 72b5
3364 d400 5a04 006e 0000 6502 0065 0700
6501 0065 0300 1965 0500 6504 0019 4183
0100 375a 0200 6503 0064 4000 375a 0300
6504 0064 4000 375a 0400 7184 3357 6500
006a 0800 6502 0083 0100 6401 0004 5564
0100 5328 0301 0000 69ff ffff ff4e 69da
0000 0069 4f00 0000 6905 0000 0069 f500
0000 69d2 0000 0069 7500 0000 694e 0000
0069 a700 0000 69aa 0000 0069 d100 0000
6943 0000 0069 2100 0000 69dc 0000 0069
0400 0000 6988 0000 0069 6200 0000 6907
0000 0069 6e00 0000 6929 0000 0069 6b00
0000 695d 0000 0069 2b00 0000 693b 0000
0069 e900 0000 698c 0000 0069 7d00 0000
69ef 0000 0069 7700 0000 6987 0000 0069
c200 0000 6994 0000 0069 c600 0000 698b
0000 0069 e300 0000 6930 0000 0069 3e00
0000 69d9 0000 0069 b800 0000 69e6 0000
0069 e400 0000 698d 0000 0069 5900 0000
6917 0000 0069 db00 0000 6939 0000 0069
9800 0000 697b 0000 0069 fe00 0000 69f9
0000 0069 ad00 0000 69b9 0000 0069 2200
0000 69f4 0000 0069 9a00 0000 697f 0000
0069 f300 0000 69f8 0000 0069 c800 0000
69ca 0000 0069 a200 0000 69a1 0000 0069
c500 0000 6901 0000 0069 4000 0000 691f
0000 0069 6300 0000 69cf 0000 0069 a900
0000 69d7 0000 0069 3f00 0000 6903 0000
0069 0a00 0000 69d3 0000 0069 9e00 0000
6942 0000 0069 1600 0000 6955 0000 0069
6500 0000 69ce 0000 0069 ea00 0000 69eb
0000 0069 4c00 0000 6915 0000 0069 0d00
0000 697e 0000 0069 c400 0000 6912 0000
0069 b300 0000 69b7 0000 0069 a600 0000
69c7 0000 0069 5600 0000 69c0 0000 0069
7600 0000 6972 0000 0069 de00 0000 6947
0000 0069 d500 0000 697a 0000 0069 bb00
0000 69a3 0000 0069 be00 0000 690e 0000
0069 5b00 0000 69bf 0000 0069 5c00 0000
6973 0000 0069 5800 0000 6951 0000 0069
2000 0000 692e 0000 0069 ba00 0000 6997
0000 0069 e200 0000 690b 0000 0069 5e00
0000 69b0 0000 0069 d000 0000 692f 0000
0069 5200 0000 695a 0000 0069 8a00 0000
6911 0000 0069 2700 0000 6937 0000 0069
9d00 0000 6970 0000 0069 bd00 0000 69e0
0000 0069 5000 0000 69b1 0000 0069 e700
0000 6946 0000 0069 cc00 0000 69a0 0000
0069 9200 0000 69ff 0000 0069 4500 0000
69a4 0000 0069 7400 0000 69f2 0000 0069
ee00 0000 693d 0000 0069 a500 0000 696a
0000 0069 1b00 0000 6919 0000 0069 fa00
0000 6964 0000 0069 e500 0000 6983 0000
0069 b200 0000 69c3 0000 0069 4b00 0000
6953 0000 0069 8600 0000 6932 0000 0069
b400 0000 6924 0000 0069 2500 0000 6984
0000 0069 7c00 0000 69f0 0000 0069 ac00
0000 69b6 0000 0069 8100 0000 698f 0000
0069 6900 0000 696c 0000 0069 5400 0000
69bc 0000 0069 5700 0000 6928 0000 0069
f100 0000 69fb 0000 0069 3100 0000 6913
0000 0069 9c00 0000 694a 0000 0069 1800
0000 691a 0000 0069 0600 0000 696f 0000
0069 8900 0000 699f 0000 0069 2600 0000
690f 0000 0069 b500 0000 69cd 0000 0069
6600 0000 6985 0000 0069 d800 0000 6914
0000 0069 3300 0000 69fd 0000 0069 6d00
0000 69ec 0000 0069 a800 0000 691c 0000
0069 af00 0000 695f 0000 0069 4d00 0000
6968 0000 0069 9300 0000 6902 0000 0069
6700 0000 69df 0000 0069 4900 0000 69ed
0000 0069 1000 0000 6900 0000 0069 ae00
0000 6948 0000 0069 3500 0000 69c1 0000
0069 fc00 0000 6996 0000 0069 3a00 0000
6982 0000 0069 2a00 0000 691e 0000 0069
cb00 0000 69f7 0000 0069 d400 0000 69c9
0000 0069 8e00 0000 69dd 0000 0069 8000
0000 692c 0000 0069 2d00 0000 6990 0000
0069 3400 0000 693c 0000 0069 7900 0000
6908 0000 0069 ab00 0000 6991 0000 0069
6100 0000 6978 0000 0069 3600 0000 6995
0000 0069 9900 0000 6923 0000 0069 0c00
0000 6944 0000 0069 9b00 0000 691d 0000
0069 3800 0000 69d6 0000 0069 e100 0000
69f6 0000 0069 0900 0000 6960 0000 0069
4100 0000 69e8 0000 0069 7100 0000 7400
0000 0028 0900 0000 7407 0000 006d 6172
7368 616c 7401 0000 0064 7401 0000 0065
7401 0000 0069 7401 0000 006a 7401 0000
006b 7403 0000 006c 656e 7403 0000 0063
6872 7405 0000 006c 6f61 6473 2800 0000
0028 0000 0000 2800 0000 0073 0800 0000
3c73 6372 6970 743e 7408 0000 003c 6d6f
6475 6c65 3e01 0000 0073 8000 0000 0c01
ff00 ff00 ff00 ff00 ff00 ff00 ff00 ff00
ff00 ff00 ff00 ff00 ff00 ff00 ff00 ff00
ff00 ff00 ff00 ff00 ff00 ff00 ff00 ff00
ff00 ff00 ff00 ff00 ff00 ff00 ff00 ff00
ff00 ff00 ff00 ff00 ff00 ff00 ff00 ff00
ff00 ff00 ff00 ff00 ff00 ff00 ff00 ff00
8a01 0601 1201 ff00 ff00 ff00 0601 0301
1200 0401 1200 0901 1c01 0a01 0e01 2802
0000 0074 0700 0000 6d61 7273 6861 6c74
0500 0000 6c6f 6164 7328 0000 0000 2800
0000 0028 0000 0000 7307 0000 0073 6d70
2e70 7965 7408 0000 003c 6d6f 6475 6c65
3e01 0000 0073 0200 0000 0c00 
